Selection	View	Channel	Begin Time (s)	End Time (s)	Low Freq (Hz)	High Freq (Hz)	Delta Time (s)	Peak Freq (Hz)	Q1 Freq (Hz)	Q3 Freq Rel.	Begin Clock Time	calltype
1	Spectrogram 1	6	3.865859269	43.134850791	79.3	193.8	39.269	85.9	93.8	0.8214	0:00:03.866	c
2	Spectrogram 1	6	455.154062359	509.886490957	4.4	502.2	54.732	7.8	27.3	0.3492	0:07:35.154	su
3	Spectrogram 1	6	617.235748870	671.968177468	4.4	264.3	54.732	160.2	19.5	0.5846	0:10:17.236	su
4	Spectrogram 1	6	796.693005463	850.408102675	0.0	215.9	53.715	3.9	0.0	0.4000	0:13:16.693	c
5	Spectrogram 1	6	1223.543168677	1278.682529830	0.0	229.1	55.139	3.9	3.9	0.2759	0:20:23.543	su
6	Spectrogram 1	6	1396.279154740	1443.076398523	0.0	211.5	46.797	66.4	0.0	0.3519	0:23:16.279	c
7	Spectrogram 1	6	1547.728628297	1602.257590618	0.0	215.9	54.529	3.9	0.0	0.0727	0:25:47.729	c
8	Spectrogram 1	6	2332.620589676	2387.149551997	0.0	202.6	54.529	85.9	0.0	0.3922	0:38:52.621	c
9	Spectrogram 1	6	2728.078096270	2786.879850414	35.2	524.2	58.802	70.3	82.0	0.2661	0:45:28.078	su
10	Spectrogram 1	6	2918.645061605	2989.247859834	0.0	215.9	70.603	82.0	0.0	0.4000	0:48:38.645	c
11	Spectrogram 1	6	3217.130090430	3291.598747928	44.1	524.2	74.469	195.3	82.0	0.2623	0:53:37.130	su
12	Spectrogram 1	6	3039.910962886	3104.613239073	74.9	387.7	64.702	89.8	85.9	0.2785	0:50:39.911	c
13	Spectrogram 1	6	3534.863479088	3587.764711191	17.6	524.2	52.901	89.8	82.0	0.2868	0:58:54.863	su
14	Spectrogram 1	6	3789.806724567	3840.266361341	66.1	616.7	50.460	78.1	82.0	0.1857	1:03:09.807	su
15	Spectrogram 1	6	6628.896471741	6684.239299171	26.4	581.5	55.343	164.1	101.6	0.2766	1:50:28.896	su
16	Spectrogram 1	6	7232.093047476	7272.786302939	39.6	541.9	40.693	152.3	144.5	0.2756	2:00:32.093	su
17	Spectrogram 1	6	7647.897181801	7694.287493029	114.5	215.9	46.390	164.1	148.4	0.6000	2:07:27.897	c
18	Spectrogram 1	6	7986.791063301	8039.692295403	127.8	211.5	52.901	160.2	152.3	0.5714	2:13:06.791	c
19	Spectrogram 1	6	8748.894801620	8800.778702336	70.5	511.0	51.884	160.2	132.8	0.2523	2:25:48.895	c
20	Spectrogram 1	6	9777.987889035	9833.534182743	105.7	489.0	55.546	156.2	136.7	0.2371	2:42:57.988	c
21	Spectrogram 1	6	9909.223637905	9956.020881688	39.6	246.7	46.797	171.9	117.2	0.6346	2:45:09.224	c
22	Spectrogram 1	6	10286.369179540	10355.344247551	8.8	427.3	68.975	160.2	74.2	0.4057	2:51:26.369	c
23	Spectrogram 1	6	10390.543913527	10442.427814243	26.4	224.7	51.884	164.1	85.9	0.7200	2:53:10.544	c
24	Spectrogram 1	6	10745.104698380	10812.248569894	44.1	515.4	67.144	171.9	113.3	0.2857	2:59:05.105	c
25	Spectrogram 1	6	10828.525872080	10876.136980972	48.5	519.8	47.611	171.9	121.1	0.2833	3:00:28.526	c
26	Spectrogram 1	6	11058.849698003	11160.379370384	44.1	220.3	101.530	168.0	97.7	0.7273	3:04:18.850	c
27	Spectrogram 1	6	10934.456052690	11014.214833398	57.3	365.6	79.759	156.2	117.2	0.4103	3:02:14.456	su
28	Spectrogram 1	6	11241.888411078	11305.369889601	0.0	581.5	63.481	187.5	0.0	0.2500	3:07:21.888	c
29	Spectrogram 1	6	11408.300034412	11467.101788556	8.8	405.3	58.802	11.7	50.8	0.4000	3:10:08.300	c
30	Spectrogram 1	6	11700.013531085	11760.443015448	30.8	643.2	60.429	152.3	89.8	0.2692	3:15:00.014	c
31	Spectrogram 1	6	12060.161987816	12115.097882692	30.8	581.5	54.936	160.2	121.1	0.2714	3:21:00.162	c
32	Spectrogram 1	6	11871.752215020	11922.618784349	0.0	374.4	50.867	3.9	0.0	0.2105	3:17:51.752	sd
33	Spectrogram 1	6	11926.281177341	11976.130415284	70.5	237.9	49.849	85.9	121.1	0.6585	3:18:46.281	c
34	Spectrogram 1	6	12221.009730784	12280.421883760	0.0	546.3	59.412	156.2	0.0	0.2230	3:23:41.010	c
35	Spectrogram 1	6	12646.987178975	12750.754980407	17.6	590.3	103.768	82.0	82.0	0.2808	3:30:46.987	su
36	Spectrogram 1	6	12837.611289310	12919.811665346	66.1	462.6	82.200	152.3	105.5	0.2970	3:33:57.611	c
37	Spectrogram 1	6	13122.000000000	13197.282522607	39.6	215.9	75.283	78.1	78.1	0.7045	3:38:42.000	sd
38	Spectrogram 1	6	13220.070745667	13329.739069141	35.2	555.1	109.668	171.9	93.8	0.2879	3:40:20.071	sd
39	Spectrogram 1	6	13496.377950264	13554.365839299	66.1	356.8	57.988	152.3	93.8	0.3514	3:44:56.378	c
40	Spectrogram 1	6	13964.879850414	14043.010900904	0.0	819.4	78.131	0.0	0.0	0.1435	3:52:44.880	sd
41	Spectrogram 1	6	13700.373689902	13788.067655426	66.1	471.4	87.694	109.4	97.7	0.3010	3:48:20.374	c
42	Spectrogram 1	6	13838.027701643	13907.206235930	61.7	374.4	69.179	175.8	105.5	0.3797	3:50:38.028	sd
43	Spectrogram 1	6	13920.024611401	13959.090136646	22.0	264.3	39.066	46.9	74.2	0.5410	3:52:00.025	c
44	Spectrogram 1	6	14150.156692540	14215.265901281	17.6	304.0	65.109	58.6	74.2	0.4861	3:55:50.157	c
45	Spectrogram 1	6	14210.789643180	14255.348757913	26.4	330.4	44.559	160.2	85.9	0.4416	3:56:50.790	c
46	Spectrogram 1	6	14260.638881123	14319.033702713	13.2	321.6	58.395	78.1	74.2	0.4872	3:57:40.639	c
47	Spectrogram 1	6	14369.493339488	14415.680184439	4.4	211.5	46.187	7.8	39.1	0.6538	3:59:29.493	c
48	Spectrogram 1	6	14434.399081952	14494.014701206	13.2	524.2	59.616	156.2	89.8	0.3462	4:00:34.399	sd
49	Spectrogram 1	6	14531.859428787	14611.211276940	0.0	480.2	79.352	3.9	0.0	0.2377	4:02:11.859	sd
50	Spectrogram 1	6	14665.455836473	14739.721027694	0.0	779.7	74.265	0.0	0.0	0.1859	4:04:25.456	sd
51	Spectrogram 1	6	14899.848987943	14960.685404861	0.0	299.6	60.836	0.0	0.0	0.2500	4:08:19.849	c
52	Spectrogram 1	6	14781.628822471	14856.911345079	0.0	304.0	75.283	0.0	0.0	0.3247	4:06:21.629	c
53	Spectrogram 1	6	15381.779662396	15456.655252449	0.0	788.5	74.876	168.0	0.0	0.1990	4:16:21.780	sd
54	Spectrogram 1	6	15487.785592879	15542.111088922	8.8	233.5	54.325	148.4	82.0	0.6964	4:18:07.786	c
55	Spectrogram 1	6	15237.835721300	15319.222232226	8.8	400.9	81.387	168.0	89.8	0.4444	4:13:57.836	c
56	Spectrogram 1	6	15316.373704344	15358.491223749	8.8	224.7	42.118	191.4	70.3	0.7222	4:15:16.374	c
57	Spectrogram 1	6	15628.096387717	15691.374399962	22.0	453.7	63.278	183.6	89.8	0.3727	4:20:28.096	c
58	Spectrogram 1	6	15909.286782969	15983.958906745	4.4	572.7	74.672	148.4	82.0	0.3194	4:25:09.287	sd
59	Spectrogram 1	6	16031.429157501	16077.616002452	22.0	215.9	46.187	171.9	74.2	0.7347	4:27:11.429	c
60	Spectrogram 1	6	16092.732428598	16211.353268274	0.0	612.3	118.621	0.0	0.0	0.2436	4:28:12.732	sd
61	Spectrogram 1	6	16358.052454220	16404.646231726	0.0	224.7	46.594	39.1	0.0	0.3860	4:32:38.052	c
62	Spectrogram 1	6	16420.516601356	16487.050074039	0.0	467.0	66.533	152.3	0.0	0.3193	4:33:40.517	sd
63	Spectrogram 1	6	16499.461516956	16545.444895629	0.0	229.1	45.983	0.0	0.0	0.3103	4:34:59.462	c
64	Spectrogram 1	6	16627.360868877	16713.223637905	0.0	572.7	85.863	168.0	0.0	0.2603	4:37:07.361	sd
65	Spectrogram 1	6	16878.438255087	16931.949886021	0.0	317.2	53.512	0.0	0.0	0.3333	4:41:18.438	c
66	Spectrogram 1	6	16778.358513375	16854.861833646	0.0	638.8	76.503	171.9	0.0	0.2331	4:39:38.359	sd
67	Spectrogram 1	6	17376.646231726	17461.288203090	22.0	572.7	84.642	35.2	93.8	0.4357	4:49:36.646	sd
68	Spectrogram 1	6	17105.425684062	17188.846857762	92.5	229.1	83.421	144.5	117.2	0.5294	4:45:05.426	c
69	Spectrogram 1	6	17496.000000000	17568.230528448	0.0	493.4	72.231	175.8	0.0	0.3095	4:51:36.000	sd
70	Spectrogram 1	6	17633.136270912	17685.223637905	0.0	348.0	52.087	0.0	0.0	0.3034	4:53:53.136	c
71	Spectrogram 1	6	18029.814575170	18119.339737189	0.0	599.1	89.525	168.0	0.0	0.2353	5:00:29.815	sd
72	Spectrogram 1	6	18170.409772796	18247.930424454	0.0	541.9	77.521	164.1	0.0	0.2464	5:02:50.410	sd
73	Spectrogram 1	6	18291.879140354	18376.521111718	13.2	396.5	84.642	15.6	82.0	0.4433	5:04:51.879	c
74	Spectrogram 1	6	18754.683984740	18828.745709683	0.0	585.9	74.062	164.1	0.0	0.2550	5:12:34.684	sd
75	Spectrogram 1	6	18885.105868500	18972.392901469	0.0	484.6	87.287	300.8	0.0	0.2581	5:14:45.106	sd
76	Spectrogram 1	6	19131.422593821	19182.492629427	118.9	211.5	51.070	164.1	136.7	0.5217	5:18:51.423	c
77	Spectrogram 1	6	19414.049777887	19534.611818953	0.0	563.9	120.562	156.2	0.0	0.2639	5:23:34.050	c
78	Spectrogram 1	6	19580.188265072	19665.033702713	0.0	467.0	84.845	0.0	0.0	0.2353	5:26:20.188	sd
79	Spectrogram 1	6	19790.368929540	19867.482648644	0.0	396.5	77.114	175.8	0.0	0.3663	5:29:50.369	c
80	Spectrogram 1	6	20047.469367558	20091.214617182	52.9	202.6	43.745	179.7	109.4	0.7838	5:34:07.469	c
81	Spectrogram 1	6	20341.658438078	20426.096943165	52.9	224.7	84.439	164.1	121.1	0.7209	5:39:01.658	sd
82	Spectrogram 1	6	20153.452131560	20204.318700889	22.0	506.6	50.867	156.2	113.3	0.4715	5:35:53.452	c
83	Spectrogram 1	6	20721.675674077	20793.092337415	48.5	361.2	71.417	70.3	101.6	0.4304	5:45:21.676	sd
84	Spectrogram 1	6	20844.976238131	20896.249740015	105.7	246.7	51.274	136.7	128.9	0.4857	5:47:24.976	c
85	Spectrogram 1	6	20934.827396194	20988.542493406	8.8	321.6	53.715	168.0	74.2	0.5063	5:48:54.827	c
86	Spectrogram 1	6	21014.993109457	21068.504740392	57.3	453.7	53.512	70.3	101.6	0.3267	5:50:14.993	c
87	Spectrogram 1	6	21179.190395252	21249.793193482	8.8	480.2	70.603	171.9	85.9	0.3697	5:52:59.190	sd
88	Spectrogram 1	6	21375.331886586	21434.744039563	0.0	370.0	59.412	160.2	0.0	0.3511	5:56:15.332	c
89	Spectrogram 1	6	21443.005220422	21494.075256029	88.1	233.5	51.070	93.8	113.3	0.5000	5:57:23.005	c
90	Spectrogram 1	6	21667.225058026	21730.096137717	0.0	519.8	62.871	15.6	0.0	0.2782	6:01:07.225	sd
91	Spectrogram 1	6	21789.508290693	21890.631030520	0.0	211.5	101.123	168.0	0.0	0.4444	6:03:09.508	sd
92	Spectrogram 1	6	22016.292253391	22064.106828561	136.6	224.7	47.815	152.3	152.3	0.5000	6:06:56.292	c
93	Spectrogram 1	6	22131.861098907	22184.762331010	0.0	409.7	52.901	168.0	0.0	0.3942	6:08:51.861	c
94	Spectrogram 1	6	22491.305074416	22586.120359646	13.2	524.2	94.815	160.2	97.7	0.3385	6:14:51.305	sd
95	Spectrogram 1	6	22692.126290128	22754.386970987	0.0	339.2	62.261	0.0	0.0	0.3256	6:18:12.126	c
96	Spectrogram 1	6	23219.836876978	23296.543663527	4.4	356.8	76.707	35.2	85.9	0.4944	6:26:59.837	sd
97	Spectrogram 1	6	23803.596473371	23886.637461002	0.0	453.7	83.041	171.9	0.0	0.3276	6:36:43.596	sd
98	Spectrogram 1	6	24065.891251319	24133.238589111	0.0	180.6	67.347	156.2	0.0	0.8043	6:41:05.891	sd
99	Spectrogram 1	6	24491.258300678	24566.540823286	26.4	462.6	75.283	156.2	109.4	0.4324	6:48:11.258	sd
100	Spectrogram 1	6	25289.519569589	25325.126168119	22.0	330.4	35.607	160.2	117.2	0.5000	7:01:29.520	c
101	Spectrogram 1	6	25123.898019853	25177.409650787	74.9	458.1	53.512	164.1	128.9	0.3814	6:58:43.898	c
102	Spectrogram 1	6	25764.822873528	25811.999500000	0.0	524.2	47.177	3.9	0.0	0.2910	7:09:24.823	c
103	Spectrogram 1	6	25860.343537491	25951.292963451	105.7	497.8	90.949	441.4	152.3	0.5758	7:11:00.344	sd
104	Spectrogram 1	6	26109.996659759	26155.166173323	8.8	255.5	45.170	15.6	78.1	0.6613	7:15:09.997	c
105	Spectrogram 1	6	26411.249279955	26462.929714393	26.4	220.3	51.680	156.2	101.6	0.7143	7:20:11.249	c
106	Spectrogram 1	6	26529.463187076	26616.750220045	44.1	436.1	87.287	168.0	121.1	0.3838	7:22:09.463	c
107	Spectrogram 1	6	26663.140531274	26716.041763376	17.6	202.6	52.901	46.9	62.5	0.7826	7:24:23.141	c
108	Spectrogram 1	6	27652.028232291	27699.435874906	8.8	237.9	47.408	11.7	85.9	0.6667	7:40:52.028	c
109	Spectrogram 1	6	27791.118229465	27840.560534853	0.0	202.6	49.442	15.6	0.0	0.5882	7:43:11.118	su
110	Spectrogram 1	6	28206.196951775	28241.999500000	0.0	242.3	35.803	0.0	0.0	0.5323	7:50:06.197	c
112	Spectrogram 1	6	28252.702276187	28296.854458365	127.8	211.5	44.152	164.1	148.4	0.5714	7:50:52.702	c
113	Spectrogram 1	6	28517.411902977	28568.888871138	26.4	444.9	51.477	27.3	109.4	0.4151	7:55:17.412	c
114	Spectrogram 1	6	28656.175904107	28706.228608327	0.0	506.6	50.053	168.0	3.9	0.3411	7:57:36.176	c
115	Spectrogram 1	6	28755.793443482	28807.880810475	0.0	462.6	52.087	164.1	0.0	0.3475	7:59:15.793	sd
116	Spectrogram 1	6	29064.044853617	29123.660472871	0.0	378.9	59.616	0.0	0.0	0.3958	8:04:24.045	sd
117	Spectrogram 1	6	28920.764527820	28969.596434376	118.9	229.1	48.832	160.2	152.3	0.5185	8:02:00.765	c
118	Spectrogram 1	6	29338.439925207	29403.752600226	0.0	528.6	65.313	152.3	0.0	0.3037	8:08:58.440	sd
119	Spectrogram 1	6	29245.659302751	29323.993819518	0.0	233.5	78.335	171.9	0.0	0.5763	8:07:25.659	sd
120	Spectrogram 1	6	29673.874879992	29733.287032969	0.0	621.1	59.412	168.0	0.0	0.2767	8:14:33.875	sd
121	Spectrogram 1	6	30039.910712886	30106.240719292	0.0	506.6	66.330	156.2	3.9	0.3178	8:20:39.911	sd
122	Spectrogram 1	6	30701.217707423	30757.577866240	0.0	436.1	56.360	7.8	0.0	0.3694	8:31:41.218	sd
123	Spectrogram 1	6	30996.854208365	31062.980748493	0.0	475.8	66.127	148.4	0.0	0.3306	8:36:36.854	sd
124	Spectrogram 1	6	30772.227438206	30820.042013376	4.4	418.5	47.815	156.2	109.4	0.4286	8:32:52.227	c
125	Spectrogram 1	6	31410.827146194	31502.590437265	66.1	220.3	91.763	179.7	109.4	0.6667	8:43:30.827	c
126	Spectrogram 1	6	31556.102068199	31599.643851545	22.0	264.3	43.542	175.8	105.5	0.6393	8:45:56.102	c
127	Spectrogram 1	6	31281.829526375	31350.804594386	30.8	533.0	68.975	171.9	117.2	0.3281	8:41:21.830	c
128	Spectrogram 1	6	31603.021841748	31655.312675019	0.0	533.0	52.291	3.9	0.0	0.3015	8:46:43.022	c
129	Spectrogram 1	6	31893.978618312	31961.325956104	0.0	594.7	67.347	3.9	3.9	0.2697	8:51:33.979	c
130	Spectrogram 1	6	32269.496429729	32330.332846647	0.0	427.3	60.836	152.3	0.0	0.3853	8:57:49.496	sd
131	Spectrogram 1	6	32610.628440279	32668.209396760	26.4	202.6	57.581	171.9	109.4	0.7955	9:03:30.628	c
132	Spectrogram 1	6	32993.958906745	33050.929464393	0.0	537.4	56.971	3.9	0.0	0.3139	9:09:53.959	su
133	Spectrogram 1	6	33370.087116993	33405.286782969	22.0	590.3	35.200	160.2	105.5	0.2966	9:16:10.087	c
134	Spectrogram 1	6	33077.299143934	33139.356358515	22.0	511.0	62.057	144.5	117.2	0.4274	9:11:17.299	c
135	Spectrogram 1	6	33211.790353240	33264.284652788	0.0	475.8	52.494	156.2	3.9	0.3388	9:13:31.790	su
136	Spectrogram 1	6	33534.839085031	33599.109208742	0.0	449.3	64.270	148.4	3.9	0.3652	9:18:54.839	sd
137	Spectrogram 1	6	33684.768511492	33741.942535418	0.0	246.7	57.174	179.7	3.9	0.6190	9:21:24.769	sd
138	Spectrogram 1	6	33751.505450452	33791.995239638	0.0	603.5	40.490	35.2	0.0	0.2857	9:22:31.505	c
139	Spectrogram 1	6	33841.030612472	33887.420923700	0.0	198.2	46.390	35.2	0.0	0.6400	9:24:01.031	c
140	Spectrogram 1	6	33931.776572155	33959.041053316	0.0	546.3	27.264	0.0	0.0	0.2878	9:25:31.777	c
141	Spectrogram 1	6	33959.651452148	34013.366549359	0.0	458.1	53.715	156.2	0.0	0.3504	9:25:59.651	c
142	Spectrogram 1	6	34060.489789186	34114.611818953	0.0	361.2	54.122	164.1	3.9	0.4457	9:27:40.490	c
143	Spectrogram 1	6	34240.760910889	34352.870829691	0.0	374.4	112.110	164.1	0.0	0.4211	9:30:40.761	su
144	Spectrogram 1	6	34363.858008666	34422.049363979	0.0	506.6	58.191	164.1	0.0	0.3178	9:32:43.858	sd
145	Spectrogram 1	6	34130.482188583	34191.318605501	0.0	436.1	60.836	0.0	0.0	0.3874	9:28:50.482	c
146	Spectrogram 1	6	34473.729798417	34517.678514318	0.0	330.4	43.949	11.7	0.0	0.4643	9:34:33.730	c
147	Spectrogram 1	6	34509.865859269	34558.901232102	0.0	493.4	49.035	0.0	0.0	0.3095	9:35:09.866	c
148	Spectrogram 1	6	34634.794153542	34694.002840241	13.2	718.1	59.209	15.6	121.1	0.4581	9:37:14.794	c
149	Spectrogram 1	6	34763.791773361	34832.156442540	0.0	405.3	68.365	156.2	3.9	0.4272	9:39:23.792	c
150	Spectrogram 1	6	34957.084736812	35014.665693293	0.0	700.4	57.581	35.2	0.0	0.2570	9:42:37.085	su
151	Spectrogram 1	6	35275.835456858	35330.567885456	0.0	788.5	54.732	0.0	0.0	0.2289	9:47:55.835	su
152	Spectrogram 1	6	35078.880100414	35135.240259231	0.0	352.4	56.360	0.0	0.0	0.4111	9:44:38.880	c
153	Spectrogram 1	6	35390.183504710	35455.292713451	0.0	431.7	65.109	0.0	0.0	0.3636	9:49:50.184	c
154	Spectrogram 1	6	35514.827396194	35563.048903919	0.0	652.0	48.222	7.8	3.9	0.2651	9:51:54.827	c
155	Spectrogram 1	6	35582.988599096	35660.712717031	0.0	365.6	77.724	0.0	0.0	0.4086	9:53:02.989	c
156	Spectrogram 1	6	35838.135310852	35897.140531274	13.2	374.4	59.005	175.8	105.5	0.4615	9:57:18.135	c
157	Spectrogram 1	6	35917.080226451	35960.215077242	52.9	400.9	43.135	164.1	136.7	0.3864	9:58:37.080	c
158	Spectrogram 1	6	35729.376635767	35773.325351668	0.0	793.0	43.949	0.0	0.0	0.2327	9:55:29.377	c
159	Spectrogram 1	6	35993.706076488	36043.148381876	0.0	709.3	49.442	0.0	0.0	0.2376	9:59:53.706	su
160	Spectrogram 1	6	36063.088077054	36109.885320836	26.4	383.3	46.797	168.0	117.2	0.4615	10:01:03.088	c
161	Spectrogram 1	6	36102.764001130	36167.466277317	13.2	497.8	64.702	39.1	113.3	0.4553	10:01:42.764	sd
162	Spectrogram 1	6	36384.361328937	36426.478848342	35.2	603.5	42.118	39.1	121.1	0.4028	10:06:24.361	su
163	Spectrogram 1	6	36253.329046345	36306.433744725	17.6	400.9	53.105	171.9	117.2	0.5155	10:04:13.329	c
164	Spectrogram 1	6	36212.526232794	36242.435775560	0.0	612.3	29.910	171.9	0.0	0.2885	10:03:32.526	c
165	Spectrogram 1	6	36968.351138093	37041.598997928	26.4	321.6	73.248	160.2	101.6	0.4933	10:16:08.351	c
166	Spectrogram 1	6	37045.871789751	37079.443725509	35.2	497.8	33.572	58.6	58.6	0.2479	10:17:25.872	c
167	Spectrogram 1	6	37101.214617182	37179.142201394	0.0	444.9	77.928	39.1	0.0	0.3274	10:18:21.215	su
168	Spectrogram 1	6	37193.091224694	37215.879447753	0.0	497.8	22.788	0.0	0.0	0.2992	10:19:53.091	c
169	Spectrogram 1	6	37445.185942290	37509.897431801	0.0	436.1	64.711	175.8	0.0	0.3514	10:24:05.186	su
170	Spectrogram 1	6	37716.212237001	37775.217457423	8.8	409.7	59.005	35.2	109.4	0.4950	10:28:36.212	sd
171	Spectrogram 1	6	37835.240009231	37872.474337980	0.0	563.9	37.234	0.0	0.0	0.2500	10:30:35.240	c
172	Spectrogram 1	6	37548.149091937	37614.479098342	0.0	431.7	66.330	23.4	0.0	0.3273	10:25:48.149	c
173	Spectrogram 1	6	37626.221917669	37666.304774301	0.0	405.3	40.083	3.9	0.0	0.3592	10:27:06.222	c
174	Spectrogram 1	6	37891.745409568	37930.607468536	35.2	308.4	38.862	179.7	117.2	0.4853	10:31:31.745	c
175	Spectrogram 1	6	37961.715097212	37984.706786549	0.0	431.7	22.992	168.0	50.8	0.4000	10:32:41.715	c
176	Spectrogram 1	6	38118.074239579	38229.370293272	0.0	524.2	111.296	152.3	0.0	0.2836	10:35:18.074	c
177	Spectrogram 1	6	38729.922823851	38795.642431424	0.0	537.4	65.720	183.6	0.0	0.3139	10:45:29.923	su
178	Spectrogram 1	6	38490.849948003	38562.266611341	0.0	489.0	71.417	0.0	0.0	0.2400	10:41:30.850	c
179	Spectrogram 1	6	38578.747379804	38641.008060663	0.0	422.9	62.261	164.1	0.0	0.3333	10:42:58.747	c
180	Spectrogram 1	6	38876.418543519	38912.839007159	0.0	590.3	36.420	0.0	0.0	0.1788	10:47:56.419	c
181	Spectrogram 1	6	38663.348034542	38691.019448257	0.0	431.7	27.671	175.8	3.9	0.4000	10:44:23.348	c
182	Spectrogram 1	6	38919.065525245	38958.537983044	0.0	220.3	39.472	0.0	0.0	0.0893	10:48:39.066	c
183	Spectrogram 1	6	39240.640534855	39319.788916731	0.0	471.4	79.148	168.0	0.0	0.2250	10:54:00.641	sd
184	Spectrogram 1	6	39116.729571969	39169.223871516	0.0	409.7	52.494	160.2	0.0	0.3846	10:51:56.730	c
185	Spectrogram 1	6	39343.797937455	39398.123433498	0.0	506.6	54.325	168.0	0.0	0.3333	10:55:43.798	c
186	Spectrogram 1	6	39394.688745102	39437.009730784	141.0	198.2	42.321	168.0	152.3	0.6923	10:56:34.689	c
187	Spectrogram 1	6	39681.576196119	39724.100648078	26.4	559.5	42.524	168.0	132.8	0.2794	11:01:21.576	c
188	Spectrogram 1	6	39610.511373776	39663.616072156	22.0	215.9	53.105	164.1	101.6	0.7551	11:00:10.511	c
189	Spectrogram 1	6	39937.455836473	40035.933514695	17.6	475.8	98.478	121.1	113.3	0.3621	11:05:37.456	sd
190	Spectrogram 1	6	40195.247609834	40255.677094197	30.8	220.3	60.429	168.0	125.0	0.7500	11:09:55.248	sd
191	Spectrogram 1	6	39852.000000000	39902.459636775	0.0	326.0	50.460	168.0	0.0	0.2651	11:04:12.000	c
192	Spectrogram 1	6	40083.132057713	40126.063442227	13.2	202.6	42.931	156.2	97.7	0.7660	11:08:03.132	c
193	Spectrogram 1	6	40590.501650151	40653.983128674	0.0	453.7	63.481	140.6	0.0	0.3362	11:16:30.502	c
194	Spectrogram 1	6	40868.966047287	40948.928294273	0.0	480.2	79.962	160.2	0.0	0.3115	11:21:08.966	sd
195	Spectrogram 1	6	41099.696805765	41153.004970422	0.0	414.1	53.308	160.2	0.0	0.3585	11:24:59.697	sd
196	Spectrogram 1	6	41012.490535106	41097.539439025	57.3	546.3	85.049	156.2	125.0	0.3145	11:23:32.491	c
197	Spectrogram 1	6	41413.157402600	41457.106118500	35.2	489.0	43.949	179.7	117.2	0.3217	11:30:13.157	c
198	Spectrogram 1	6	41707.369639601	41781.227898267	57.3	621.1	73.858	156.2	121.1	0.2708	11:35:07.370	sd
199	Spectrogram 1	6	41952.872499812	41998.652412208	17.6	326.0	45.780	168.0	89.8	0.5385	11:39:12.872	c
200	Spectrogram 1	6	42311.706076488	42382.715807272	79.3	506.6	71.010	168.0	148.4	0.2593	11:45:11.706	c
201	Spectrogram 1	6	42460.032992653	42544.878430294	13.2	753.3	84.845	168.0	89.8	0.2394	11:47:40.033	sd
202	Spectrogram 1	6	42697.885070836	42752.210566880	61.7	321.6	54.325	156.2	136.7	0.4545	11:51:37.885	c
203	Spectrogram 1	6	43241.669493595	43307.999500000	0.0	722.5	66.330	62.5	0.0	0.1141	12:00:41.669	sd
205	Spectrogram 1	6	43461.942535418	43518.506160512	0.0	304.0	56.564	3.9	0.0	0.1169	12:04:21.943	c
206	Spectrogram 1	6	44028.311714959	44105.832366616	8.8	823.8	77.521	168.0	78.1	0.2802	12:13:48.312	sd
207	Spectrogram 1	6	44282.563625094	44337.702986247	52.9	281.9	55.139	156.2	132.8	0.5517	12:18:02.564	c
208	Spectrogram 1	6	48281.859678787	48352.665943293	79.3	585.9	70.806	183.6	144.5	0.3359	13:24:41.860	sd
209	Spectrogram 1	6	49119.978868312	49189.564335154	127.8	400.9	69.585	168.0	156.2	0.2029	13:38:39.979	c
210	Spectrogram 1	6	49246.738359081	49328.531802562	127.8	599.1	81.793	156.2	156.2	0.1417	13:40:46.738	sd
211	Spectrogram 1	6	49961.230988508	50027.560994913	92.5	489.0	66.330	168.0	148.4	0.2475	13:52:41.231	c
212	Spectrogram 1	6	50102.152182178	50173.772311794	35.2	378.9	71.620	85.9	89.8	0.3953	13:55:02.152	sd
213	Spectrogram 1	6	50214.669033534	50270.622259797	114.5	524.2	55.953	128.9	140.6	0.2404	13:56:54.669	su
214	Spectrogram 1	6	50365.190262002	50423.788549869	101.3	220.3	58.598	156.2	144.5	0.6333	13:59:25.190	c
215	Spectrogram 1	6	52683.531092502	52733.380330445	57.3	387.7	49.849	168.0	128.9	0.3929	14:38:03.531	c
216	Spectrogram 1	6	53343.087827054	53385.408812735	127.8	211.5	42.321	164.1	152.3	0.6190	14:49:03.088	c
217	Spectrogram 1	6	54018.637461002	54084.967467408	96.9	422.9	66.330	164.1	156.2	0.2771	15:00:18.637	su
218	Spectrogram 1	6	54767.922823851	54834.863229088	61.7	444.9	66.940	156.2	121.1	0.3093	15:12:47.923	su
219	Spectrogram 1	6	55075.686364921	55151.579286360	114.5	220.3	75.893	160.2	140.6	0.6154	15:17:55.686	c
220	Spectrogram 1	6	54927.562915034	54989.416663338	110.1	207.0	61.854	171.9	148.4	0.7083	15:15:27.563	c
221	Spectrogram 1	6	55006.711296910	55058.595197626	52.9	480.2	51.884	168.0	97.7	0.3148	15:16:46.711	c
222	Spectrogram 1	6	55717.134600791	55782.040343255	96.9	361.2	64.906	160.2	140.6	0.4478	15:28:37.135	c
223	Spectrogram 1	6	55609.829622652	55681.449752267	57.3	453.7	71.620	168.0	128.9	0.3267	15:26:49.830	su
224	Spectrogram 1	6	56337.015411266	56399.072625848	66.1	603.5	62.057	156.2	125.0	0.3139	15:38:57.015	su
225	Spectrogram 1	6	56480.174733986	56550.167133384	88.1	374.4	69.992	164.1	105.5	0.3194	15:41:20.175	c
226	Spectrogram 1	6	56825.660472871	56880.799834024	48.5	215.9	55.139	160.2	89.8	0.6905	15:47:05.660	c
227	Spectrogram 1	6	57160.281562547	57221.117979465	48.5	603.5	60.836	160.2	97.7	0.3688	15:52:40.282	su
228	Spectrogram 1	6	57291.193645443	57332.904232293	70.5	189.4	41.711	160.2	97.7	0.7586	15:54:51.194	c
229	Spectrogram 1	6	58145.099938018	58194.135310852	0.0	211.5	49.035	0.0	0.0	0.0185	16:09:05.100	c
231	Spectrogram 1	6	58650.022301809	58716.555774491	0.0	453.7	66.533	0.0	0.0	0.0086	16:17:30.022	su
232	Spectrogram 1	6	58809.865859269	58898.984088734	149.8	361.2	89.118	171.9	171.9	0.5849	16:20:09.866	c
233	Spectrogram 1	6	59317.840217219	59371.962246986	17.6	405.3	54.122	164.1	113.3	0.4082	16:28:37.840	c
234	Spectrogram 1	6	59596.589017144	59643.589727204	35.2	202.6	47.001	82.0	82.0	0.7561	16:33:16.589	c
235	Spectrogram 1	6	59666.784882818	59734.335686888	8.8	330.4	67.551	160.2	27.3	0.4691	16:34:26.785	c
236	Spectrogram 1	6	59500.802100538	59570.591033658	0.0	533.0	69.789	0.0	0.0	0.0074	16:31:40.802	su
237	Spectrogram 1	6	60365.733138659	60427.383420686	0.0	515.4	61.650	0.0	0.0	0.0076	16:46:05.733	su
238	Spectrogram 1	6	60515.891251319	60599.312425019	0.0	374.4	83.421	164.1	0.0	0.4211	16:48:35.891	c
239	Spectrogram 1	6	60449.357778636	60534.203216277	118.9	215.9	84.845	168.0	152.3	0.5833	16:47:29.358	c
240	Spectrogram 1	6	61026.103738320	61087.347087792	0.0	484.6	61.243	0.0	0.0	0.0403	16:57:06.104	su
241	Spectrogram 1	6	61708.448695931	61768.267781462	4.4	471.4	59.819	7.8	19.5	0.3559	17:08:28.449	su
242	Spectrogram 1	6	61402.638881123	61440.280142427	57.3	295.2	37.641	168.0	132.8	0.5167	17:03:22.639	sd
243	Spectrogram 1	6	62008.887451017	62037.983128674	0.0	493.4	29.096	156.2	0.0	0.0079	17:13:28.887	c
244	Spectrogram 1	6	62100.040343255	62140.733598719	0.0	414.1	40.693	0.0	0.0	0.0094	17:15:00.040	c
245	Spectrogram 1	6	62348.391731349	62408.414283158	0.0	444.9	60.023	0.0	0.0	0.0088	17:19:08.392	su
246	Spectrogram 1	6	62983.735978900	63046.200126036	0.0	475.8	62.464	175.8	0.0	0.0083	17:29:43.736	su
247	Spectrogram 1	6	62889.124159947	62937.345667671	0.0	467.0	48.222	164.1	0.0	0.0084	17:28:09.124	sd
248	Spectrogram 1	6	63994.598037867	64066.421633760	105.7	207.0	71.824	148.4	144.5	0.7200	17:46:34.598	c
249	Spectrogram 1	6	63867.730239072	63937.315705914	0.0	330.4	69.585	39.1	0.0	0.0238	17:44:27.730	sd
250	Spectrogram 1	6	64176.998980594	64236.641971364	0.0	330.4	59.643	168.0	0.0	0.1071	17:49:36.999	c
251	Spectrogram 1	6	64470.221257724	64528.209146760	0.0	422.9	57.988	3.9	0.0	0.0093	17:54:30.221	sd
252	Spectrogram 1	6	64985.723867935	65039.845897702	52.9	180.6	54.122	164.1	109.4	0.8438	18:03:05.724	c
253	Spectrogram 1	6	65184.632950641	65250.352558214	44.1	440.5	65.720	144.5	140.6	0.4300	18:06:24.633	su
254	Spectrogram 1	6	65447.511380934	65499.191815373	79.3	215.9	51.680	160.2	105.5	0.6176	18:10:47.511	c
255	Spectrogram 1	6	67114.797243783	67148.979578372	39.6	312.8	34.182	121.1	121.1	0.5362	18:38:34.797	c
256	Spectrogram 1	6	69466.950596081	69520.665693293	35.2	334.8	53.715	156.2	117.2	0.5200	19:17:46.951	c
257	Spectrogram 1	6	70352.884360776	70389.711756971	44.1	202.6	36.827	171.9	148.4	0.8718	19:32:32.884	c
258	Spectrogram 1	6	70722.440917225	70780.428806261	66.1	242.3	57.988	164.1	121.1	0.6444	19:38:42.441	c
259	Spectrogram 1	6	72940.489789186	72995.222217784	66.1	207.0	54.732	156.2	113.3	0.7222	20:15:40.490	c
260	Spectrogram 1	6	73371.103940216	73439.999500000	0.0	281.9	68.896	0.0	0.0	0.3611	20:22:51.104	c
261	Spectrogram 1	6	73626.610456231	73664.658650089	0.0	237.9	38.048	0.0	0.0	0.4167	20:27:06.610	c
262	Spectrogram 1	6	73931.412152977	73959.693965524	0.0	215.9	28.282	0.0	0.0	0.5455	20:32:11.412	sd
263	Spectrogram 1	6	75370.693255463	75443.534182743	22.0	211.5	72.841	148.4	109.4	0.7083	20:56:10.693	sd
264	Spectrogram 1	6	75907.966757347	75951.915473248	57.3	378.9	43.949	238.3	136.7	0.5679	21:05:07.967	c
265	Spectrogram 1	6	76318.805237942	76344.848921439	0.0	233.5	26.044	0.0	0.0	0.5254	21:11:58.805	c
266	Spectrogram 1	6	76553.153761238	76579.807843566	0.0	224.7	26.654	0.0	0.0	0.4561	21:15:53.154	c
267	Spectrogram 1	6	76815.061014883	76872.845437641	0.0	453.7	57.784	0.0	0.0	0.2672	21:20:15.061	c
268	Spectrogram 1	6	77129.619879616	77161.971017709	0.0	224.7	32.351	0.0	0.0	0.2807	21:25:29.620	c
269	Spectrogram 1	6	77365.559824793	77400.149091937	0.0	559.5	34.589	0.0	0.0	0.2098	21:29:25.560	c
270	Spectrogram 1	6	77427.617039375	77478.890541258	17.6	237.9	51.274	148.4	113.3	0.6727	21:30:27.617	c
271	Spectrogram 1	6	78138.854208365	78179.140531274	0.0	207.0	40.286	0.0	0.0	0.0189	21:42:18.854	c
272	Spectrogram 1	6	77954.920693670	78017.384840806	0.0	563.9	62.464	0.0	0.0	0.2361	21:39:14.921	sd
273	Spectrogram 1	6	78230.210566880	78247.708666729	0.0	572.7	17.498	11.7	0.0	0.2192	21:43:50.211	c
274	Spectrogram 1	6	78269.276092125	78291.250450075	0.0	590.3	21.974	0.0	0.0	0.1987	21:44:29.276	c
275	Spectrogram 1	6	78647.845897702	78687.318355501	0.0	568.3	39.472	0.0	0.0	0.3034	21:50:47.846	sd
276	Spectrogram 1	6	78465.133180671	78509.692295403	17.6	555.1	44.559	183.6	117.2	0.3723	21:47:45.133	c
277	Spectrogram 1	6	78710.716977393	78744.695845705	8.8	400.9	33.979	171.9	113.3	0.4444	21:51:50.717	c
278	Spectrogram 1	6	78932.414283158	78992.029902411	0.0	555.1	59.616	0.0	0.0	0.2113	21:55:32.414	sd
279	Spectrogram 1	6	79236.596367747	79258.570725697	0.0	590.3	21.974	0.0	0.0	0.0066	22:00:36.596	sd
280	Spectrogram 1	6	78751.736228900	78799.550804069	22.0	334.8	47.815	93.8	109.4	0.5316	21:52:31.736	su
281	Spectrogram 1	6	79268.459636775	79285.754270347	0.0	572.7	17.295	160.2	0.0	0.2671	22:01:08.460	c
282	Spectrogram 1	6	79476.198705916	79540.494049548	0.0	894.3	64.295	0.0	0.0	0.0044	22:04:36.199	sd
283	Spectrogram 1	6	79975.830946496	80047.451076112	0.0	669.6	71.620	0.0	0.0	0.0058	22:12:55.831	sd
284	Spectrogram 1	6	79737.978868312	79768.905742464	0.0	229.1	30.927	0.0	0.0	0.0172	22:08:57.979	c
285	Spectrogram 1	6	79832.590687265	79877.149801997	0.0	281.9	44.559	0.0	0.0	0.0139	22:10:32.591	sd
286	Spectrogram 1	6	80199.766381311	80251.650282027	0.0	237.9	51.884	15.6	0.0	0.0167	22:16:39.766	sd
287	Spectrogram 1	6	80550.135310852	80629.487159005	0.0	652.0	79.352	0.0	0.0	0.0060	22:22:30.135	sd
288	Spectrogram 1	6	81079.066695365	81154.756150528	0.0	682.8	75.689	164.1	0.0	0.0345	22:31:19.067	sd
289	Spectrogram 1	6	81704.156692540	81753.598997928	70.5	198.2	49.442	160.2	132.8	0.8065	22:41:44.157	sd
290	Spectrogram 1	6	81782.491209307	81854.925204032	0.0	559.0	72.434	171.9	0.0	0.0070	22:43:02.491	sd
291	Spectrogram 1	6	82456.290583271	82534.014701206	44.4	675.6	77.724	152.3	121.1	0.2313	22:54:16.291	c
292	Spectrogram 1	6	82630.987178975	82668.221507724	0.0	275.1	37.234	156.2	0.0	0.5000	22:57:10.987	c
293	Spectrogram 1	6	82931.303404295	82971.793193482	0.0	240.0	40.490	0.0	0.0	0.0164	23:02:11.303	c
294	Spectrogram 1	6	83026.118689525	83098.349217973	0.0	595.6	72.231	0.0	0.0	0.0066	23:03:46.119	c
295	Spectrogram 1	6	83152.593777506	83244.560534853	0.0	572.1	91.967	0.0	0.0	0.0068	23:05:52.594	c
296	Spectrogram 1	6	83774.916183308	83821.103028259	0.0	545.9	46.187	160.2	0.0	0.0144	23:16:14.916	c
297	Spectrogram 1	6	83906.558864732	83928.736688960	0.0	515.6	22.178	0.0	0.0	0.0076	23:18:26.559	c
298	Spectrogram 1	6	83964.343287491	84001.170683685	0.0	222.2	36.827	160.2	0.0	0.2500	23:19:24.343	c
299	Spectrogram 1	6	84094.561704974	84121.826186134	26.7	475.6	27.264	74.2	50.8	0.2982	23:21:34.562	c
300	Spectrogram 1	6	84202.724827995	84233.448235870	0.0	414.8	30.723	0.0	0.0	0.0094	23:23:22.725	sd
301	Spectrogram 1	6	84409.039633195	84441.187305011	0.0	395.6	32.148	0.0	0.0	0.0099	23:26:49.040	sd
302	Spectrogram 1	6	84480.659762811	84516.062895064	0.0	320.0	35.403	0.0	0.0	0.0123	23:28:00.660	c
303	Spectrogram 1	6	84269.665233233	84308.730758478	0.0	379.9	39.066	66.4	0.0	0.1340	23:24:29.665	c
304	Spectrogram 1	6	84657.391021289	84717.617039375	4.4	441.0	60.226	78.1	39.1	0.3818	23:30:57.391	sd
305	Spectrogram 1	6	84832.372019781	84885.883650716	0.0	275.6	53.512	0.0	0.0	0.0143	23:33:52.372	c
306	Spectrogram 1	6	84783.133180671	84799.410482856	0.0	471.6	16.277	0.0	0.0	0.0083	23:33:03.133	c
307	Spectrogram 1	6	85424.377950264	85488.876760173	0.0	502.2	64.499	0.0	0.0	0.0078	23:43:44.378	sd
308	Spectrogram 1	6	85123.451326112	85169.027772231	87.3	231.4	45.576	160.2	132.8	0.5556	23:38:43.451	c
309	Spectrogram 1	6	85615.148381876	85672.525872080	0.0	305.7	57.377	3.9	0.0	0.0128	23:46:55.148	c
310	Spectrogram 1	6	85920.958196684	85984.643141485	0.0	591.1	63.685	43.0	0.0	0.0066	23:52:00.958	sd
311	Spectrogram 1	6	86325.937775057	86385.553394310	0.0	671.1	59.616	0.0	0.0	0.0058	23:58:45.938	sd
312	Spectrogram 1	6	86113.495190026	86165.175624465	0.0	345.0	51.680	0.0	0.0	0.0114	23:55:13.495	c
