Selection	View	Channel	Begin Time (s)	End Time (s)	Low Freq (Hz)	High Freq (Hz)	Delta Time (s)	Peak Freq (Hz)	Q1 Freq (Hz)	Q3 Freq Rel.	Begin Clock Time	calltype
1	Spectrogram 1	6	279.969597589	373.157152600	0.0	224.7	93.188	0.0	0.0	0.0175	0:04:39.970	sd
2	Spectrogram 1	6	552.126540128	605.841637340	0.0	449.3	53.715	0.0	0.0	0.0087	0:09:12.127	sd
3	Spectrogram 1	6	939.945789567	988.574229846	0.0	215.9	48.628	171.9	0.0	0.0182	0:15:39.946	c
4	Spectrogram 1	6	637.187968919	675.846561609	66.1	207.0	38.659	66.4	89.8	0.4722	0:10:37.188	c
5	Spectrogram 1	6	771.246571022	814.788354368	118.9	215.9	43.542	171.9	136.7	0.6250	0:12:51.247	c
6	Spectrogram 1	6	1100.590687265	1145.556734552	79.3	215.9	44.966	168.0	101.6	0.6176	0:18:20.591	c
7	Spectrogram 1	6	1357.161662962	1419.422343821	79.3	202.6	62.261	164.1	109.4	0.7000	0:22:37.162	c
8	Spectrogram 1	6	1160.390991585	1193.555994788	92.5	224.7	33.165	93.8	105.5	0.5152	0:19:20.391	c
9	Spectrogram 1	6	1193.759461065	1243.812165285	92.5	418.5	50.053	156.2	132.8	0.4940	0:19:53.759	c
10	Spectrogram 1	6	1813.252120196	1862.694425584	57.3	506.6	49.442	164.1	109.4	0.3421	0:30:13.252	c
11	Spectrogram 1	6	1516.394821590	1571.330716466	66.1	387.7	54.936	78.1	78.1	0.4024	0:25:16.395	c
12	Spectrogram 1	6	1760.757820648	1805.520401658	48.5	229.1	44.763	168.0	109.4	0.7111	0:29:20.758	c
13	Spectrogram 1	6	1872.460806895	1926.175904107	118.9	251.1	53.715	132.8	136.7	0.6061	0:31:12.461	c
14	Spectrogram 1	6	2212.168553504	2272.394571590	35.2	374.4	60.226	156.2	97.7	0.4706	0:36:52.169	c
15	Spectrogram 1	6	2048.378200264	2096.803174265	61.7	207.0	48.425	156.2	93.8	0.8108	0:34:08.378	c
16	Spectrogram 1	6	2384.707956669	2427.435874906	30.8	202.6	42.728	168.0	85.9	0.7907	0:39:44.708	c
17	Spectrogram 1	6	2441.881980595	2473.622719857	35.2	546.3	31.741	168.0	101.6	0.3101	0:40:41.882	c
18	Spectrogram 1	6	2496.940405237	2541.906452524	0.0	211.5	44.966	0.0	0.0	0.0185	0:41:36.940	c
19	Spectrogram 1	6	2724.822635833	2773.858008666	13.2	449.3	49.035	74.2	74.2	0.3423	0:45:24.823	c
20	Spectrogram 1	6	2851.378660324	2918.319065561	57.3	255.5	66.940	164.1	89.8	0.5600	0:47:31.379	sd
21	Spectrogram 1	6	2633.466277317	2681.687785041	22.0	242.3	48.222	101.6	66.4	0.5000	0:43:53.466	su
22	Spectrogram 1	6	3053.339737189	3126.587597023	83.7	211.5	73.248	93.8	101.6	0.5312	0:50:53.340	c
23	Spectrogram 1	6	3148.053289280	3180.404427374	17.6	467.0	32.351	105.5	54.7	0.3772	0:52:28.053	c
24	Spectrogram 1	6	3726.121779766	3800.183504710	0.0	198.2	74.062	0.0	0.0	0.0200	1:02:06.122	sd
25	Spectrogram 1	6	3556.634370761	3615.232658628	0.0	233.5	58.598	0.0	0.0	0.0169	0:59:16.634	c
26	Spectrogram 1	6	3817.681604559	3862.037253014	0.0	458.1	44.356	0.0	0.0	0.0085	1:03:37.682	sd
27	Spectrogram 1	6	3956.161202901	4004.993109457	110.1	207.0	48.832	113.3	117.2	0.4583	1:05:56.161	c
28	Spectrogram 1	6	4182.619169555	4242.438255087	57.3	348.0	59.819	121.1	89.8	0.3108	1:09:42.619	su
29	Spectrogram 1	6	4247.321445742	4310.599457988	101.3	237.9	63.278	128.9	113.3	0.5000	1:10:47.321	c
30	Spectrogram 1	6	4117.519977518	4166.758816629	101.3	220.3	49.239	175.8	117.2	0.6000	1:08:37.520	c
31	Spectrogram 1	6	4428.122029766	4479.192065373	74.9	471.4	51.070	117.2	113.3	0.5600	1:13:48.122	su
32	Spectrogram 1	6	4722.944665599	4783.374149962	88.1	237.9	60.429	97.7	101.6	0.2973	1:18:42.945	sd
33	Spectrogram 1	6	4539.631566440	4610.437830947	88.1	242.3	70.806	179.7	113.3	0.5897	1:15:39.632	su
34	Spectrogram 1	6	4613.082892552	4661.304400276	35.2	207.0	48.222	85.9	70.3	0.5581	1:16:53.083	c
35	Spectrogram 1	6	4933.044393557	4989.201086096	35.2	480.2	56.157	82.0	82.0	0.4554	1:22:13.044	su
36	Spectrogram 1	6	4969.668323474	5011.175444047	39.6	220.3	41.507	97.7	78.1	0.4444	1:22:49.668	c
37	Spectrogram 1	6	5291.551974190	5352.998789940	52.9	255.5	61.447	89.8	85.9	0.4510	1:28:11.552	su
38	Spectrogram 1	6	5059.733138719	5142.340447310	53.3	200.0	82.607	175.8	78.1	0.6216	1:24:19.733	su
39	Spectrogram 1	6	5505.517561417	5559.232658628	48.9	506.7	53.715	93.8	89.8	0.4052	1:31:45.518	su
40	Spectrogram 1	6	5576.161059414	5694.374966535	80.0	257.8	118.214	168.0	101.6	0.5227	1:32:56.161	c
41	Spectrogram 1	6	6106.069075546	6163.243099472	62.2	520.0	57.174	128.9	117.2	0.1880	1:41:46.069	su
42	Spectrogram 1	6	6002.911672946	6063.951556142	22.2	306.7	61.040	97.7	66.4	0.4167	1:40:02.912	su
43	Spectrogram 1	6	6342.415953278	6412.001420121	84.4	253.3	69.585	101.6	101.6	0.4048	1:45:42.416	c
44	Spectrogram 1	6	6462.461056895	6520.448945931	53.3	395.6	57.988	97.7	82.0	0.2874	1:47:42.461	c
45	Spectrogram 1	6	6636.017791447	6685.053164280	31.1	226.7	49.035	93.8	78.1	0.6200	1:50:36.018	c
46	Spectrogram 1	6	6695.633410701	6734.902402223	53.3	480.0	39.269	89.8	89.8	0.2870	1:51:35.633	c
47	Spectrogram 1	6	6579.390933306	6635.751092123	53.3	351.1	56.360	78.1	82.0	0.3467	1:49:39.391	su
48	Spectrogram 1	6	6861.784422758	6916.516851356	80.0	213.3	54.732	85.9	97.7	0.6061	1:54:21.784	sd
49	Spectrogram 1	6	7131.580706481	7193.841387340	8.9	560.0	62.261	70.3	31.2	0.2714	1:58:51.581	su
50	Spectrogram 1	6	7222.733598719	7269.327376225	93.3	493.3	46.594	191.4	117.2	0.4412	2:00:22.734	c
51	Spectrogram 1	6	6977.760200829	7033.713427091	62.2	235.6	55.953	156.2	89.8	0.5682	1:56:17.760	c
52	Spectrogram 1	6	7037.181745479	7098.628561229	13.3	462.2	61.447	19.5	23.4	0.2982	1:57:17.182	su
53	Spectrogram 1	6	7297.618580446	7334.242510363	111.1	226.7	36.624	128.9	121.1	0.4828	2:01:37.619	c
54	Spectrogram 1	6	7587.874629992	7652.373439902	48.9	440.0	64.499	171.9	89.8	0.3232	2:06:27.875	sd
55	Spectrogram 1	6	7722.976238131	7823.081646571	66.7	600.0	100.105	144.5	132.8	0.1926	2:08:42.976	su
56	Spectrogram 1	6	8173.573105878	8229.933264695	4.4	471.1	56.360	7.8	7.8	0.1695	2:16:13.573	su
57	Spectrogram 1	6	7894.620839676	7977.228148267	0.0	208.9	82.607	168.0	0.0	0.4528	2:11:34.621	c
58	Spectrogram 1	6	8238.893914463	8296.678337221	31.1	213.3	57.784	160.2	66.4	0.6957	2:17:18.894	c
59	Spectrogram 1	6	8302.489789186	8364.750470045	0.0	480.0	62.261	3.9	0.0	0.0246	2:18:22.490	su
60	Spectrogram 1	6	8761.021841748	8857.057924642	75.6	364.4	96.036	207.0	152.3	0.6438	2:26:01.022	su
61	Spectrogram 1	6	9069.680184439	9146.183504710	13.3	533.3	76.503	156.2	78.1	0.3030	2:31:09.680	sd
62	Spectrogram 1	6	8926.236458930	8993.787262999	0.0	662.2	67.551	3.9	0.0	0.0059	2:28:46.236	sd
63	Spectrogram 1	6	9262.485278824	9344.889121138	71.1	217.8	82.404	164.1	93.8	0.6111	2:34:22.485	c
64	Spectrogram 1	6	9344.482188583	9397.993819518	40.0	502.2	53.512	156.2	117.2	0.2906	2:35:44.482	su
65	Spectrogram 1	6	9664.850175462	9718.361806396	0.0	351.1	53.512	3.9	0.0	0.0112	2:41:04.850	c
66	Spectrogram 1	6	9485.392918868	9550.095195055	0.0	613.3	64.702	0.0	0.0	0.0064	2:38:05.393	su
67	Spectrogram 1	6	10054.702026187	10115.741909382	0.0	617.8	61.040	0.0	0.0	0.0063	2:47:34.702	sd
68	Spectrogram 1	6	9833.941115298	9886.638881123	22.2	222.2	52.698	156.2	93.8	0.7200	2:43:53.941	c
69	Spectrogram 1	6	9909.223637905	9978.402172193	17.8	497.8	69.179	148.4	82.0	0.3279	2:45:09.224	c
70	Spectrogram 1	6	10114.114179164	10161.521821778	26.7	124.4	47.408	93.8	58.6	0.7500	2:48:34.114	c
71	Spectrogram 1	6	10390.747379804	10432.254500377	0.0	391.1	41.507	3.9	0.0	0.0500	2:53:10.747	c
72	Spectrogram 1	6	10624.326666164	10692.487869066	0.0	631.1	68.161	3.9	0.0	0.0124	2:57:04.327	sd
73	Spectrogram 1	6	10229.195155614	10275.585466843	0.0	368.9	46.390	0.0	0.0	0.0106	2:50:29.195	c
74	Spectrogram 1	6	10543.754020347	10579.157152600	0.0	360.0	35.403	3.9	0.0	0.0109	2:55:43.754	c
75	Spectrogram 1	6	10795.564335154	10852.534892803	0.0	400.0	56.971	171.9	0.0	0.2451	2:59:55.564	c
76	Spectrogram 1	6	10702.580246420	10747.749759985	4.4	217.8	45.170	7.8	11.7	0.5660	2:58:22.580	c
77	Spectrogram 1	6	10872.271121703	10946.536312924	106.7	217.8	74.265	168.0	148.4	0.6667	3:01:12.271	c
78	Spectrogram 1	6	11090.590437265	11162.007100603	0.0	417.8	71.417	7.8	0.0	0.0189	3:04:50.590	c
79	Spectrogram 1	6	11203.026352110	11266.507830633	0.0	502.2	63.481	156.2	0.0	0.2188	3:06:43.026	sd
80	Spectrogram 1	6	11429.687785041	11504.970307649	4.4	200.0	75.283	7.8	7.8	0.7347	3:10:29.688	c
81	Spectrogram 1	6	11870.925204032	11931.965087227	0.0	564.4	61.040	3.9	0.0	0.2917	3:17:50.925	su
82	Spectrogram 1	6	11768.378200264	11807.647191786	44.4	475.6	39.269	175.8	152.3	0.4954	3:16:08.378	c
83	Spectrogram 1	6	11982.628190279	12048.144331575	93.3	248.9	65.516	152.3	113.3	0.5128	3:19:42.628	c
84	Spectrogram 1	6	12464.151932178	12524.988349096	0.0	537.8	60.836	3.9	3.9	0.2117	3:27:44.152	su
85	Spectrogram 1	6	12614.106578561	12667.211276940	62.2	382.2	53.105	191.4	97.7	0.4568	3:30:14.107	c
86	Spectrogram 1	6	13010.581416541	13066.534642803	71.1	546.7	55.953	105.5	109.4	0.2500	3:36:50.581	su
87	Spectrogram 1	6	13080.370349661	13144.055294461	75.6	493.3	63.685	105.5	105.5	0.2453	3:38:00.370	su
88	Spectrogram 1	6	13539.919733610	13621.713177091	62.2	457.8	81.793	85.9	89.8	0.4851	3:45:39.920	su
89	Spectrogram 1	6	13413.363709118	13473.386260927	84.4	231.1	60.023	85.9	97.7	0.5135	3:43:33.364	c
90	Spectrogram 1	6	13696.304364356	13756.733848719	40.0	302.2	60.429	70.3	74.2	0.4848	3:48:16.304	su
91	Spectrogram 1	6	14103.969847589	14160.126540128	75.6	284.4	56.157	93.8	93.8	0.5192	3:55:03.970	c
92	Spectrogram 1	6	14165.416663338	14241.106118500	48.9	244.4	75.689	164.1	85.9	0.5510	3:56:05.417	c
93	Spectrogram 1	6	14256.569555576	14351.791773361	84.4	413.3	95.222	109.4	109.4	0.3976	3:57:36.570	c
94	Spectrogram 1	6	14629.238839111	14687.430194424	80.0	231.1	58.191	117.2	105.5	0.4474	4:03:49.239	c
95	Spectrogram 1	6	15149.421173700	15216.971977769	26.7	195.6	67.551	164.1	101.6	0.7907	4:12:29.421	c
96	Spectrogram 1	6	16057.329296345	16108.399331952	26.7	208.9	51.070	168.0	109.4	0.7826	4:27:37.329	c
97	Spectrogram 1	6	17134.114429164	17184.777532216	75.6	231.1	50.663	89.8	101.6	0.5641	4:45:34.114	c
98	Spectrogram 1	6	17301.974107950	17357.927334213	53.3	284.4	55.953	109.4	97.7	0.3448	4:48:21.974	c
99	Spectrogram 1	6	17841.892671439	17888.486448945	53.3	271.1	46.594	62.5	70.3	0.5273	4:57:21.893	c
100	Spectrogram 1	6	18404.599457988	18477.236918990	80.0	200.0	72.637	160.2	105.5	0.5667	5:06:44.599	c
101	Spectrogram 1	6	22011.205596458	22068.176154107	124.4	240.0	56.971	132.8	140.6	0.5172	6:06:51.206	c
102	Spectrogram 1	6	22652.246899774	22688.870829691	102.2	231.1	36.624	160.2	117.2	0.4375	6:17:32.247	c
103	Spectrogram 1	6	22694.771351733	22743.806724567	53.3	200.0	49.035	164.1	74.2	0.5676	6:18:14.771	c
104	Spectrogram 1	6	22902.022551809	22964.283232668	75.6	622.2	62.261	152.3	109.4	0.4460	6:21:42.023	c
105	Spectrogram 1	6	23211.087827054	23277.214367182	115.6	266.7	66.127	164.1	128.9	0.4211	6:26:51.088	c
106	Spectrogram 1	6	23761.179704408	23820.388391108	88.9	408.9	59.209	164.1	113.3	0.4074	6:36:01.180	c
107	Spectrogram 1	6	23579.172544460	23631.463377730	88.9	471.1	52.291	121.1	109.4	0.4330	6:32:59.173	su
108	Spectrogram 1	6	24244.127710249	24301.912133007	111.1	217.8	57.784	144.5	125.0	0.5769	6:44:04.128	c
109	Spectrogram 1	6	25151.221967784	25194.153352298	4.4	231.1	42.931	66.4	74.2	0.5263	6:59:11.222	c
110	Spectrogram 1	6	25255.193235494	25309.315265260	120.0	182.2	54.122	144.5	136.7	0.4000	7:00:55.193	c
111	Spectrogram 1	6	25742.414033157	25794.094467596	53.3	217.8	51.680	152.3	89.8	0.5610	7:09:02.414	c
112	Spectrogram 1	6	26876.699185946	26916.171643745	71.1	208.9	39.472	85.9	97.7	0.6471	7:27:56.699	c
113	Spectrogram 1	6	27688.627120636	27755.999500000	102.2	226.7	67.372	168.0	132.8	0.7097	7:41:28.627	c
114	Spectrogram 1	6	27463.389951646	27503.269342000	17.8	231.1	39.879	89.8	89.8	0.7222	7:37:43.390	c
115	Spectrogram 1	6	27987.463187076	28022.866319329	0.0	226.7	35.403	0.0	0.0	0.0172	7:46:27.463	c
116	Spectrogram 1	6	28506.831656556	28546.914513188	0.0	226.7	40.083	156.2	0.0	0.1034	7:55:06.832	c
117	Spectrogram 1	6	29037.187305011	29076.252830256	26.7	533.3	39.066	121.1	128.9	0.7287	8:03:57.187	c
118	Spectrogram 1	6	29224.702276187	29298.560534853	0.0	222.2	73.858	0.0	0.0	0.0179	8:07:04.702	c
119	Spectrogram 1	6	29337.015661266	29388.085696873	40.0	226.7	51.070	43.0	89.8	0.7021	8:08:57.016	c
120	Spectrogram 1	6	29638.959616805	29673.955816503	0.0	213.3	34.996	0.0	0.0	0.0185	8:13:58.960	c
121	Spectrogram 1	6	29828.712717031	29884.055544461	26.7	208.9	55.343	125.0	89.8	0.6739	8:17:08.713	c
122	Spectrogram 1	6	29940.822635833	29997.386260927	31.1	182.2	56.564	31.2	74.2	0.7632	8:19:00.823	c
123	Spectrogram 1	6	30004.711046910	30063.919733610	31.1	440.0	59.209	62.5	109.4	0.6538	8:20:04.711	su
124	Spectrogram 1	6	30224.577156179	30287.041303316	0.0	213.3	62.464	0.0	0.0	0.0185	8:23:44.577	c
125	Spectrogram 1	6	30514.109668802	30557.447985870	71.1	257.8	43.338	82.0	113.3	0.7609	8:28:34.110	c
126	Spectrogram 1	6	30400.670019279	30467.610424516	40.0	422.2	66.940	156.2	125.0	0.6598	8:26:40.670	c
127	Spectrogram 1	6	30869.423585839	30932.091199253	26.7	431.1	62.668	171.9	93.8	0.5631	8:34:29.424	c
128	Spectrogram 1	6	31385.597327807	31445.619879616	31.1	426.7	60.023	85.9	109.4	0.6733	8:43:05.597	su
129	Spectrogram 1	6	31441.143621515	31480.616079314	66.7	226.7	39.472	171.9	101.6	0.6750	8:44:01.144	c
130	Spectrogram 1	6	31875.870119631	31944.031322532	35.6	355.6	68.161	156.2	89.8	0.5679	8:51:15.870	c
131	Spectrogram 1	6	32055.327376225	32096.427564243	0.0	207.0	41.100	0.0	0.0	0.3019	8:54:15.327	c
132	Spectrogram 1	6	32445.698225885	32510.603968350	8.8	462.6	64.906	187.5	85.9	0.5826	9:00:45.698	su
133	Spectrogram 1	6	32126.052704220	32182.616329314	79.3	229.1	56.564	82.0	105.5	0.6486	8:55:26.053	c
134	Spectrogram 1	6	32250.632915852	32299.668288685	0.0	171.8	49.035	152.3	0.0	0.5116	8:57:30.633	c
135	Spectrogram 1	6	32300.278687517	32357.452711443	88.1	246.7	57.174	89.8	117.2	0.5750	8:58:20.279	c
136	Spectrogram 1	6	32570.481903794	32608.123165098	17.6	237.9	37.641	46.9	62.5	0.6364	9:02:50.482	c
137	Spectrogram 1	6	32634.637461002	32687.335226827	0.0	202.6	52.698	35.2	0.0	0.4118	9:03:54.637	c
138	Spectrogram 1	6	32959.776572155	33025.496179729	0.0	612.3	65.720	175.8	0.0	0.2244	9:09:19.777	c
139	Spectrogram 1	6	33127.758780708	33190.222927845	39.6	233.5	62.464	156.2	85.9	0.6667	9:12:07.759	sd
140	Spectrogram 1	6	33446.386970987	33517.396701771	66.1	427.3	71.010	164.1	113.3	0.5870	9:17:26.387	c
141	Spectrogram 1	6	33891.083316692	33959.244519593	0.0	550.7	68.161	3.9	0.0	0.3071	9:24:51.083	su
142	Spectrogram 1	6	33740.925204032	33774.293673512	74.9	224.7	33.368	156.2	148.4	0.7027	9:22:20.925	c
143	Spectrogram 1	6	34339.442055388	34407.603258289	44.1	550.7	68.161	50.8	66.4	0.3047	9:32:19.442	su
144	Spectrogram 1	6	34839.481228523	34909.880560475	57.3	418.5	70.399	156.2	113.3	0.6413	9:40:39.481	su
145	Spectrogram 1	6	34917.815745290	34955.457006594	22.0	224.7	37.641	23.4	78.1	0.8039	9:41:57.816	c
146	Spectrogram 1	6	35017.840217219	35081.321695742	48.5	400.9	63.481	50.8	101.6	0.6067	9:43:37.840	c
147	Spectrogram 1	6	35444.509000754	35496.596367747	0.0	237.9	52.087	156.2	3.9	0.6667	9:50:44.509	c
148	Spectrogram 1	6	35789.913803127	35852.581416541	48.5	422.9	62.668	156.2	101.6	0.3579	9:56:29.914	c
149	Spectrogram 1	6	35612.694675584	35676.990019216	17.6	634.4	64.295	156.2	113.3	0.2994	9:53:32.695	c
150	Spectrogram 1	6	36390.865991462	36450.888543270	0.0	374.4	60.023	3.9	0.0	0.1368	10:06:30.866	c
151	Spectrogram 1	6	36218.936987129	36279.366471492	61.7	537.4	60.429	179.7	121.1	0.5785	10:03:38.937	c
152	Spectrogram 1	6	36739.125580068	36804.031322532	13.2	630.0	64.906	148.4	93.8	0.2739	10:12:19.126	su
153	Spectrogram 1	6	36563.127250188	36600.158112660	61.7	202.6	37.031	152.3	89.8	0.7143	10:09:23.127	c
155	Spectrogram 1	6	36924.890291258	36972.501400151	8.8	286.3	47.611	152.3	50.8	0.5714	10:15:24.890	c
156	Spectrogram 1	6	37281.078806330	37354.530132442	74.9	290.7	73.451	132.8	113.3	0.6481	10:21:21.079	c
157	Spectrogram 1	6	37116.474587980	37162.864899209	48.5	229.1	46.390	175.8	93.8	0.7111	10:18:36.475	c
158	Spectrogram 1	6	37772.165463263	37843.378660324	39.6	449.3	71.213	148.4	101.6	0.4808	10:29:32.165	su
159	Spectrogram 1	6	38361.526332140	38416.869159570	39.6	418.5	55.343	156.2	109.4	0.3854	10:39:21.526	su
160	Spectrogram 1	6	39459.594487566	39498.863479088	83.7	229.1	39.269	152.3	148.4	0.6389	10:57:39.594	c
161	Spectrogram 1	6	39774.356818576	39829.496179729	4.4	207.0	55.139	7.8	7.8	0.4902	11:02:54.357	c
162	Spectrogram 1	6	40056.483608704	40092.293673512	136.6	229.1	35.810	175.8	156.2	0.6087	11:07:36.484	c
163	Spectrogram 1	6	40699.763041070	40773.417833459	0.0	202.6	73.655	148.4	0.0	0.7647	11:18:19.763	c
164	Spectrogram 1	6	40659.069785607	40694.676384137	26.4	198.2	35.607	156.2	78.1	0.6977	11:17:39.070	c
165	Spectrogram 1	6	41769.878861718	41849.999500000	0.0	233.5	80.121	175.8	0.0	0.5932	11:36:09.879	c
166	Spectrogram 1	6	41945.751180106	41984.409772796	26.4	215.9	38.659	164.1	117.2	0.8125	11:39:05.751	c
167	Spectrogram 1	6	42090.822635833	42145.351598154	44.1	211.5	54.529	168.0	113.3	0.7619	11:41:30.823	c
168	Spectrogram 1	6	42312.316475320	42385.564335154	30.8	383.3	73.248	156.2	144.5	0.4222	11:45:12.316	c
169	Spectrogram 1	6	42600.628190279	42652.308624717	44.1	268.7	51.680	156.2	132.8	0.6071	11:50:00.628	c
170	Spectrogram 1	6	42673.876050113	42741.019921628	8.8	339.2	67.144	168.0	93.8	0.5060	11:51:13.876	sd
171	Spectrogram 1	6	42516.505842881	42559.233761118	30.8	215.9	42.728	152.3	140.6	0.7660	11:48:36.506	c
172	Spectrogram 1	6	42954.578576300	43028.233368689	17.6	352.4	73.655	148.4	121.1	0.4706	11:55:54.579	sd
173	Spectrogram 1	6	43222.747129804	43296.198455916	26.4	312.8	73.451	148.4	113.3	0.5342	12:00:22.747	sd
174	Spectrogram 1	6	43505.891251319	43581.784172758	0.0	484.6	75.893	7.8	0.0	0.1371	12:05:05.891	c
175	Spectrogram 1	6	43599.485738885	43642.824055953	35.2	224.7	43.338	117.2	89.8	0.6383	12:06:39.486	c
176	Spectrogram 1	6	43747.935184815	43811.823595893	0.0	251.1	63.888	3.9	0.0	0.0625	12:09:07.935	sd
177	Spectrogram 1	6	44015.289873210	44084.671873775	0.0	356.8	69.382	3.9	0.0	0.0330	12:13:35.290	sd
178	Spectrogram 1	6	44550.121779766	44626.014701206	0.0	308.4	75.893	160.2	0.0	0.1410	12:22:30.122	sd
179	Spectrogram 1	6	44287.243349472	44358.049613979	22.0	326.0	70.806	156.2	89.8	0.5714	12:18:07.243	sd
180	Spectrogram 1	6	44630.287493029	44662.638631123	4.4	237.9	32.351	7.8	23.4	0.5517	12:23:50.287	sd
181	Spectrogram 1	6	45167.357528636	45221.479558402	52.9	259.9	54.122	156.2	97.7	0.5769	12:32:47.358	c
182	Spectrogram 1	6	45391.699896006	45457.419503580	57.3	246.7	65.720	85.9	89.8	0.5833	12:36:31.700	sd
183	Spectrogram 1	6	46052.884360776	46088.287493029	52.9	286.3	35.403	160.2	105.5	0.5085	12:47:32.884	c
184	Spectrogram 1	6	46321.378910324	46407.648611907	35.2	422.9	86.270	93.8	93.8	0.4388	12:52:01.379	sd
185	Spectrogram 1	6	46765.057924642	46833.219127543	44.1	489.0	68.161	160.2	144.5	0.3009	12:59:25.058	c
186	Spectrogram 1	6	47059.270161643	47124.582836662	48.5	444.9	65.313	93.8	101.6	0.3700	13:04:19.270	c
187	Spectrogram 1	6	47209.754270347	47270.997619819	52.9	533.0	61.243	160.2	105.5	0.3033	13:06:49.754	c
188	Spectrogram 1	6	47679.273501884	47737.464857197	26.4	418.5	58.191	160.2	85.9	0.3700	13:14:39.274	c
189	Spectrogram 1	6	48065.940191097	48178.702276187	0.0	541.9	112.762	0.0	0.0	0.0435	13:21:05.940	su
190	Spectrogram 1	6	48559.591147325	48635.891001319	0.0	304.0	76.300	3.9	0.0	0.4545	13:29:19.591	sd
191	Spectrogram 1	6	48654.914849096	48718.803260173	0.0	533.0	63.888	7.8	0.0	0.1691	13:30:54.915	su
192	Spectrogram 1	6	48384.101233986	48447.989645064	0.0	229.1	63.888	156.2	11.7	0.7069	13:26:24.101	sd
193	Spectrogram 1	6	48461.418419367	48511.471123587	0.0	171.8	50.053	152.3	0.0	0.8837	13:27:41.418	c
194	Spectrogram 1	6	49017.817751319	49107.953312170	0.0	215.9	90.136	3.9	0.0	0.4182	13:36:57.818	sd
195	Spectrogram 1	6	49272.680060286	49341.451662020	0.0	550.7	68.772	160.2	3.9	0.2857	13:41:12.680	c
196	Spectrogram 1	6	49558.143247362	49649.296139601	0.0	577.1	91.153	3.9	0.0	0.1361	13:45:58.143	sd
197	Spectrogram 1	6	49651.941201206	49710.946421628	0.0	229.1	59.005	152.3	3.9	0.6897	13:47:31.941	sd
198	Spectrogram 1	6	49767.836042766	49833.759116616	0.0	550.7	65.923	156.2	3.9	0.4929	13:49:27.836	c
199	Spectrogram 1	6	50109.048989827	50189.214703090	0.0	511.0	80.166	164.1	101.6	0.3692	13:55:09.049	c
200	Spectrogram 1	6	49946.682900528	50004.467323286	0.0	185.0	57.784	183.6	3.9	0.8085	13:52:26.683	c
201	Spectrogram 1	6	50238.779538244	50304.092213263	0.0	484.6	65.313	160.2	15.6	0.3790	13:57:18.780	c
202	Spectrogram 1	6	50320.979914280	50386.089123022	0.0	220.3	65.109	3.9	0.0	0.2857	13:58:40.980	c
203	Spectrogram 1	6	50387.309920686	50438.786888847	123.3	189.4	51.477	160.2	136.7	0.6250	13:59:47.310	c
204	Spectrogram 1	6	50591.386596835	50706.955442351	0.0	246.7	115.569	164.1	7.8	0.6667	14:03:11.387	c
205	Spectrogram 1	6	50729.255796345	50793.754606255	0.0	506.6	64.499	3.9	7.8	0.6047	14:05:29.256	c
206	Spectrogram 1	6	50904.643727393	50968.532138470	0.0	326.0	63.888	3.9	3.9	0.8554	14:08:24.644	c
207	Spectrogram 1	6	50974.539710558	51026.016678719	114.5	229.1	51.477	152.3	148.4	0.6429	14:09:34.540	c
208	Spectrogram 1	6	51196.536898832	51278.533808591	0.0	568.3	81.997	144.5	7.8	0.5448	14:13:16.537	sd
209	Spectrogram 1	6	51377.621885644	51452.904408252	0.0	330.4	75.283	3.9	3.9	0.8333	14:16:17.622	c
210	Spectrogram 1	6	51703.493925396	51765.551139977	0.0	541.9	62.057	0.0	3.9	0.5145	14:21:43.494	c
211	Spectrogram 1	6	51808.685990769	51859.959492653	0.0	237.9	51.274	3.9	0.0	0.4333	14:23:28.686	c
212	Spectrogram 1	6	51875.422929729	51945.822261680	158.6	502.2	70.399	351.6	250.0	0.5632	14:24:35.423	c
213	Spectrogram 1	6	52210.450951959	52273.932430482	0.0	462.6	63.481	0.0	3.9	0.6017	14:30:10.451	c
214	Spectrogram 1	6	52479.636836850	52553.698561794	0.0	559.5	74.062	3.9	7.8	0.5245	14:34:39.637	c
215	Spectrogram 1	6	52401.785627666	52451.024466776	0.0	281.9	49.239	93.8	3.9	0.4722	14:33:21.786	c
216	Spectrogram 1	6	52655.147297664	52740.806600414	0.0	422.9	85.659	3.9	3.9	0.6944	14:37:35.147	su
217	Spectrogram 1	6	52941.831282404	52983.745335531	0.0	202.6	41.914	0.0	0.0	0.2941	14:42:21.831	c
218	Spectrogram 1	6	52973.572021665	53041.936690844	0.0	356.8	68.365	7.8	3.9	0.7802	14:42:53.572	c
219	Spectrogram 1	6	52814.257926526	52875.501275998	0.0	515.4	61.243	3.9	3.9	0.6031	14:40:14.258	c
220	Spectrogram 1	6	53139.926500000	53215.615955162	0.0	546.3	75.689	3.9	0.0	0.5108	14:45:39.927	c
221	Spectrogram 1	6	53324.673879804	53392.224683873	0.0	541.9	67.551	3.9	0.0	0.1087	14:48:44.674	c
222	Spectrogram 1	6	53491.516227204	53565.984884702	0.0	356.8	74.469	3.9	0.0	0.3077	14:51:31.516	c
223	Spectrogram 1	6	53760.010776752	53825.323451771	0.0	537.4	65.313	3.9	0.0	0.0438	14:56:00.011	c
224	Spectrogram 1	6	53931.206967784	54002.420164846	0.0	440.5	71.213	3.9	0.0	0.1161	14:58:51.207	c
225	Spectrogram 1	6	54014.424675207	54101.304775622	0.0	502.2	86.880	3.9	0.0	0.0234	15:00:14.425	c
226	Spectrogram 1	6	54125.517088422	54180.046050743	0.0	242.3	54.529	3.9	0.0	0.0645	15:02:05.517	c
227	Spectrogram 1	6	54194.492156432	54252.073112913	0.0	405.3	57.581	3.9	0.0	0.0291	15:03:14.492	c
228	Spectrogram 1	6	54445.976475197	54541.198692981	0.0	383.3	95.222	3.9	0.0	0.0306	15:07:25.976	sd
229	Spectrogram 1	6	54299.326118437	54363.621462069	0.0	546.3	64.295	3.9	0.0	0.0360	15:04:59.326	c
230	Spectrogram 1	6	54809.205547664	54884.691536549	0.0	528.6	75.486	3.9	0.0	0.0444	15:13:29.206	c
231	Spectrogram 1	6	54615.505651658	54662.913294273	0.0	259.9	47.408	156.2	0.0	0.6212	15:10:15.506	c
232	Spectrogram 1	6	54986.424675207	55065.979989638	0.0	356.8	79.555	3.9	0.0	0.0769	15:16:26.425	c
233	Spectrogram 1	6	54715.814526375	54756.914714393	96.9	229.1	41.100	168.0	113.3	0.5455	15:11:55.815	c
234	Spectrogram 1	6	55098.860590053	55166.614860399	0.0	277.5	67.754	0.0	0.0	0.0282	15:18:18.861	c
235	Spectrogram 1	6	55378.626721364	55442.108199887	0.0	515.4	63.481	3.9	0.0	0.0229	15:22:58.627	c
236	Spectrogram 1	6	55191.844678787	55276.486650151	0.0	220.3	84.642	3.9	0.0	0.0893	15:19:51.845	c
237	Spectrogram 1	6	55522.599909194	55632.064766390	0.0	211.5	109.465	3.9	0.0	0.3148	15:25:22.600	sd
238	Spectrogram 1	6	55670.112960249	55758.417324604	0.0	497.8	88.304	3.9	0.0	0.1417	15:27:50.113	sd
239	Spectrogram 1	6	56043.392642615	56101.990930482	0.0	555.1	58.598	0.0	0.0	0.1831	15:34:03.393	c
240	Spectrogram 1	6	56296.097759043	56340.046474943	0.0	229.1	43.949	164.1	3.9	0.5172	15:38:16.098	c
241	Spectrogram 1	6	56397.627431424	56478.810476074	22.0	396.5	81.183	109.4	97.7	0.3368	15:39:57.627	su
242	Spectrogram 1	6	56130.272743029	56265.781283723	0.0	211.5	135.509	3.9	0.0	0.4815	15:35:30.273	c
243	Spectrogram 1	6	56507.214818387	56555.436326112	0.0	211.5	48.222	3.9	0.0	0.3519	15:41:47.215	c
244	Spectrogram 1	6	56641.706027694	56725.941066503	0.0	559.5	84.235	3.9	0.0	0.1818	15:44:01.706	c
245	Spectrogram 1	6	56814.245430859	56912.519642803	0.0	255.5	98.274	7.8	0.0	0.0462	15:46:54.245	c
246	Spectrogram 1	6	56918.013232291	56964.200077242	0.0	141.0	46.187	3.9	0.0	0.0833	15:48:38.013	c
247	Spectrogram 1	6	57282.543864732	57348.670404861	0.0	533.0	66.127	3.9	0.0	0.0294	15:54:42.544	c
248	Spectrogram 1	6	56984.872701017	57033.704607573	79.3	233.5	48.832	82.0	105.5	0.5263	15:49:44.873	sd
249	Spectrogram 1	6	57128.723359081	57172.875541258	0.0	136.6	44.152	3.9	0.0	0.1176	15:52:08.723	c
250	Spectrogram 1	6	57372.679425584	57419.680135644	0.0	211.5	47.001	3.9	0.0	0.0370	15:56:12.679	c
251	Spectrogram 1	6	57142.965998493	57218.858919932	74.9	211.5	75.893	89.8	93.8	0.5000	15:52:22.966	c
252	Spectrogram 1	6	57472.500431236	57546.358689902	79.3	233.5	73.858	164.1	105.5	0.6053	15:57:52.500	c
253	Spectrogram 1	6	57546.969088734	57621.844678787	0.0	96.9	74.876	3.9	0.0	0.0417	15:59:06.969	su
254	Spectrogram 1	6	57758.980949699	57809.440586473	79.3	405.3	50.460	191.4	113.3	0.4878	16:02:38.981	c
255	Spectrogram 1	6	57795.808345893	57872.311666164	105.7	224.7	76.503	136.7	125.0	0.5517	16:03:15.808	c
256	Spectrogram 1	6	57870.073537114	57932.537684250	26.4	462.6	62.464	156.2	97.7	0.5225	16:04:30.074	sd
257	Spectrogram 1	6	58506.150713263	58570.242590618	0.0	484.6	64.092	0.0	0.0	0.0323	16:15:06.151	sd
258	Spectrogram 1	6	58852.857249812	58936.888822344	70.5	251.1	84.032	175.8	105.5	0.5778	16:20:52.857	sd
259	Spectrogram 1	6	58673.086343822	58777.668010363	0.0	246.7	104.582	0.0	0.0	0.0476	16:17:53.086	c
260	Spectrogram 1	6	59055.021792954	59134.170174830	26.4	277.5	79.148	171.9	85.9	0.5781	16:24:15.022	c
261	Spectrogram 1	6	59323.190346458	59389.113420309	0.0	259.9	65.923	3.9	0.0	0.0455	16:28:43.190	sd
262	Spectrogram 1	6	59225.526533346	59299.181325735	0.0	132.2	73.655	0.0	0.0	0.0303	16:27:05.527	su
263	Spectrogram 1	6	59649.876251319	59719.868650716	0.0	202.6	69.992	0.0	0.0	0.1961	16:34:09.876	su
264	Spectrogram 1	6	59733.500891296	59775.211478146	0.0	167.4	41.711	3.9	0.0	0.6429	16:35:33.501	c
265	Spectrogram 1	6	59553.433235870	59639.906403730	0.0	233.5	86.473	3.9	0.0	0.1356	16:32:33.433	su
266	Spectrogram 1	6	60182.876961379	60280.337308214	0.0	484.6	97.460	7.8	3.9	0.5161	16:43:02.877	su
267	Spectrogram 1	6	59960.895252826	60045.333757913	35.2	251.1	84.439	179.7	109.4	0.6667	16:39:20.895	c
268	Spectrogram 1	6	60281.151173323	60316.350839299	0.0	123.3	35.200	3.9	0.0	0.8387	16:44:41.151	c
269	Spectrogram 1	6	60105.874050550	60165.489669804	0.0	255.5	59.616	3.9	0.0	0.4923	16:41:45.874	sd
270	Spectrogram 1	6	60369.985000000	60431.431815750	0.0	202.6	61.447	3.9	0.0	0.2157	16:46:09.985	sd
271	Spectrogram 1	6	60642.629811605	60693.903313489	17.6	224.7	51.274	171.9	105.5	0.7500	16:50:42.630	c
272	Spectrogram 1	6	60715.063806330	60773.051695365	22.0	207.0	57.988	82.0	89.8	0.7021	16:51:55.064	sd
273	Spectrogram 1	6	60772.441296534	60848.130751696	70.5	462.6	75.689	171.9	113.3	0.4646	16:52:52.441	c
274	Spectrogram 1	6	61193.108588232	61268.594577117	17.6	251.1	75.486	85.9	78.1	0.5254	16:59:53.109	c
275	Spectrogram 1	6	61290.162002512	61377.245569204	13.2	541.9	87.084	62.5	93.8	0.5522	17:01:30.162	c
276	Spectrogram 1	6	61108.873549423	61158.519321088	22.0	193.8	49.646	62.5	82.0	0.7674	16:58:28.874	c
277	Spectrogram 1	6	61413.198197061	61470.779153542	26.4	215.9	57.581	70.3	78.1	0.6875	17:03:33.198	c
278	Spectrogram 1	6	61504.758021854	61542.195816880	13.2	255.5	37.438	15.6	85.9	0.6066	17:05:04.758	c
279	Spectrogram 1	6	61870.712918237	61944.774643180	0.0	528.6	74.062	355.5	105.5	0.6741	17:11:10.713	c
280	Spectrogram 1	6	62057.928185127	62146.232549483	0.0	215.9	88.304	7.8	7.8	0.6545	17:14:17.928	sd
281	Spectrogram 1	6	62371.362490203	62433.623171063	0.0	511.0	62.261	355.5	109.4	0.5923	17:19:31.362	su
282	Spectrogram 1	6	62785.009431989	62835.672535041	0.0	713.7	50.663	355.5	347.7	0.5055	17:26:25.009	c
283	Spectrogram 1	6	62559.968212819	62631.995274990	0.0	215.9	72.027	58.6	58.6	0.6182	17:22:39.968	sd
284	Spectrogram 1	6	63210.173015072	63267.347038998	0.0	607.9	57.174	351.6	101.6	0.5806	17:33:30.173	c
285	Spectrogram 1	6	62946.480719668	62991.853699510	0.0	233.5	45.373	160.2	66.4	0.7119	17:29:06.481	c
286	Spectrogram 1	6	63362.691786549	63432.887652223	4.4	343.6	70.196	7.8	74.2	0.6353	17:36:02.692	su
287	Spectrogram 1	6	63432.684185946	63468.087318199	26.4	189.4	35.403	82.0	82.0	0.7561	17:37:12.684	c
288	Spectrogram 1	6	63506.471699006	63559.372931108	17.6	259.9	52.901	117.2	70.3	0.6066	17:38:26.472	sd
289	Spectrogram 1	6	63757.752551493	63847.674455162	0.0	894.3	89.922	355.5	152.3	0.3991	17:42:37.753	su
290	Spectrogram 1	6	63923.160444047	64015.737600226	0.0	374.4	92.577	351.6	3.9	0.9474	17:45:23.160	c
291	Spectrogram 1	6	64266.937516202	64311.700097212	0.0	638.8	44.763	351.6	0.0	0.5521	17:51:06.938	c
292	Spectrogram 1	6	64538.564996421	64600.011812170	0.0	630.0	61.447	3.9	3.9	0.5590	17:55:38.565	su
293	Spectrogram 1	6	64617.102979465	64668.376481349	0.0	242.3	51.274	3.9	0.0	0.2097	17:56:57.103	c
294	Spectrogram 1	6	64708.459337980	64772.347749058	0.0	374.4	63.888	82.0	0.0	0.9474	17:58:28.459	c
295	Spectrogram 1	6	64350.765622457	64412.619370761	0.0	255.5	61.854	171.9	0.0	0.4462	17:52:30.766	sd
296	Spectrogram 1	6	64420.351089299	64464.706737754	0.0	374.4	44.356	0.0	0.0	0.9474	17:53:40.351	c
297	Spectrogram 1	6	64817.843258666	64867.082097777	0.0	837.0	49.239	0.0	0.0	0.4159	18:00:17.843	c
298	Spectrogram 1	6	65112.055495667	65177.775103240	0.0	568.3	65.720	3.9	0.0	0.6207	18:05:12.055	sd
299	Spectrogram 1	6	65211.753971552	65279.915174454	0.0	537.4	68.161	0.0	0.0	0.6569	18:06:51.754	su
300	Spectrogram 1	6	64974.285034412	65027.186266514	0.0	343.6	52.901	0.0	0.0	0.1954	18:02:54.285	c
301	Spectrogram 1	6	65293.669944800	65340.467188583	0.0	387.7	46.797	0.0	0.0	0.2121	18:08:13.670	c
302	Spectrogram 1	6	65522.366040505	65590.323777129	123.3	220.3	67.958	168.0	152.3	0.6250	18:12:02.366	c
303	Spectrogram 1	6	65384.008971929	65450.135512057	22.0	339.2	66.127	171.9	97.7	0.5125	18:09:44.009	c
304	Spectrogram 1	6	65454.759519846	65512.747408882	8.8	497.8	57.988	355.5	175.8	0.7097	18:10:54.760	c
305	Spectrogram 1	6	65807.951757347	65873.060966089	26.4	550.7	65.109	168.0	140.6	0.6316	18:16:47.952	su
306	Spectrogram 1	6	65995.344198757	66046.821166918	0.0	299.6	51.477	0.0	0.0	0.0132	18:19:55.344	c
307	Spectrogram 1	6	66125.359149962	66175.004921628	0.0	638.8	49.646	0.0	0.0	0.1350	18:22:05.359	c
308	Spectrogram 1	6	65906.018744786	65990.660716150	0.0	502.2	84.642	0.0	0.0	0.2188	18:18:26.019	sd
309	Spectrogram 1	6	66280.726449322	66349.091118500	0.0	229.1	68.365	0.0	0.0	0.0172	18:24:40.726	c
310	Spectrogram 1	6	66652.302825798	66704.797125346	0.0	281.9	52.494	0.0	0.0	0.0139	18:30:52.303	c
311	Spectrogram 1	6	66422.589398707	66478.542624969	0.0	511.0	55.953	0.0	0.0	0.0077	18:27:02.589	su
312	Spectrogram 1	6	66991.353219480	67050.358439902	13.2	533.0	59.005	171.9	89.8	0.5985	18:36:31.353	su
313	Spectrogram 1	6	66768.557645818	66815.761822155	8.8	255.5	47.204	168.0	70.3	0.6452	18:32:48.558	c
314	Spectrogram 1	6	67232.583287867	67274.700807272	0.0	171.8	42.118	160.2	0.0	0.0465	18:40:32.583	c
315	Spectrogram 1	6	67412.424935565	67458.001381684	52.9	229.1	45.576	89.8	89.8	0.6591	18:43:32.425	c
316	Spectrogram 1	6	67755.003751507	67831.507071778	35.2	215.9	76.503	82.0	82.0	0.7111	18:49:15.004	sd
317	Spectrogram 1	6	68056.133841937	68109.442006594	44.1	220.3	53.308	160.2	93.8	0.7273	18:54:16.134	c
318	Spectrogram 1	6	68371.046877609	68431.883294527	13.2	224.7	60.836	82.0	54.7	0.6981	18:59:31.047	su
319	Spectrogram 1	6	68640.232762500	68685.984500000	0.0	224.7	45.752	0.0	0.0	0.0175	19:04:00.233	c
320	Spectrogram 1	6	68910.123401093	68986.423255087	61.7	418.5	76.300	85.9	101.6	0.3736	19:08:30.123	sd
321	Spectrogram 1	6	69046.038874341	69106.875291258	35.2	484.6	60.836	164.1	101.6	0.5088	19:10:46.039	su
322	Spectrogram 1	6	69446.989970422	69512.506111718	39.6	440.5	65.516	168.0	121.1	0.6337	19:17:26.990	su
323	Spectrogram 1	6	69306.801705350	69367.434655991	48.5	405.3	60.633	156.2	97.7	0.4000	19:15:06.802	sd
324	Spectrogram 1	6	69715.972214835	69801.021118754	0.0	268.7	85.049	0.0	0.0	0.0147	19:21:55.972	c
325	Spectrogram 1	6	70035.414270223	70104.796270788	22.0	348.0	69.382	152.3	78.1	0.4940	19:27:15.414	su
326	Spectrogram 1	6	69853.515418301	69916.386497992	48.5	599.1	62.871	171.9	125.0	0.4714	19:24:13.515	sd
327	Spectrogram 1	6	70428.145952901	70474.332797852	61.7	233.5	46.187	82.0	85.9	0.5349	19:33:48.146	c
328	Spectrogram 1	6	70237.498051055	70273.104649586	105.7	237.9	35.607	148.4	144.5	0.5312	19:30:37.498	c
329	Spectrogram 1	6	70708.238080256	70774.364620384	13.2	572.7	66.127	156.2	85.9	0.3310	19:38:28.238	su
330	Spectrogram 1	6	70887.084938018	70942.020832894	30.8	356.8	54.936	82.0	82.0	0.4096	19:41:27.085	c
331	Spectrogram 1	6	70654.522983044	70692.774643180	70.5	537.4	38.252	82.0	109.4	0.5763	19:37:34.523	c
332	Spectrogram 1	6	70951.380281650	71026.255871703	61.7	220.3	74.876	82.0	85.9	0.5750	19:42:31.380	c
333	Spectrogram 1	6	71062.595398832	71137.674455162	52.9	185.0	75.079	160.2	85.9	0.7879	19:44:22.595	c
334	Spectrogram 1	6	71446.129331575	71509.203877543	0.0	524.2	63.075	160.2	0.0	0.2761	19:50:46.129	c
335	Spectrogram 1	6	71270.682550740	71340.268017582	0.0	577.1	69.585	308.6	0.0	0.0340	19:47:50.683	su
336	Spectrogram 1	6	71344.947741961	71399.680170559	66.1	511.0	54.732	82.0	93.8	0.5398	19:49:04.948	c
337	Spectrogram 1	6	71850.742820648	71913.613900339	4.4	550.7	62.871	164.1	82.0	0.2971	19:57:30.743	su
338	Spectrogram 1	6	71717.472409005	71757.758731914	92.5	387.7	40.286	156.2	140.6	0.3333	19:55:17.472	c
339	Spectrogram 1	6	72025.113420309	72082.897843067	8.8	365.6	57.784	156.2	93.8	0.4667	20:00:25.113	c
340	Spectrogram 1	6	72406.735220045	72455.974059156	88.1	475.8	49.239	168.0	136.7	0.4184	20:06:46.735	c
341	Spectrogram 1	6	72555.184665976	72617.648813112	79.3	572.7	62.464	82.0	105.5	0.2480	20:09:15.185	su
342	Spectrogram 1	6	72622.735470045	72675.433235870	83.7	259.9	52.698	89.8	105.5	0.5000	20:10:22.735	c
343	Spectrogram 1	6	72729.962198191	72779.811436134	48.5	343.6	49.849	82.0	78.1	0.4324	20:12:09.962	c
344	Spectrogram 1	6	73103.852279390	73156.753511492	39.6	546.3	52.901	175.8	74.2	0.2734	20:18:23.852	c
345	Spectrogram 1	6	73189.715048417	73261.742110588	61.7	555.1	72.027	82.0	109.4	0.3571	20:19:49.715	su
346	Spectrogram 1	6	73278.222879050	73334.989970422	70.5	211.5	56.767	82.0	93.8	0.6857	20:21:18.223	c
347	Spectrogram 1	6	73370.393102675	73421.666604559	57.3	387.7	51.274	160.2	105.5	0.5714	20:22:50.393	c
348	Spectrogram 1	6	73946.528663527	73992.308575923	79.3	233.5	45.780	89.8	97.7	0.5789	20:32:26.529	c
349	Spectrogram 1	6	74174.445778198	74249.524834528	30.8	506.6	75.079	82.0	78.1	0.3140	20:36:14.446	sd
350	Spectrogram 1	6	74824.934175961	74888.212188206	57.3	480.2	63.278	160.2	97.7	0.2991	20:47:04.934	su
351	Spectrogram 1	6	74747.006591748	74796.448897136	79.3	207.0	49.442	164.1	109.4	0.7188	20:45:47.007	c
352	Spectrogram 1	6	75370.142862660	75435.862470234	92.5	515.4	65.720	148.4	148.4	0.2430	20:56:10.143	su
353	Spectrogram 1	6	75499.669944800	75545.042924642	66.1	215.9	45.373	168.0	140.6	0.7105	20:58:19.670	c
354	Spectrogram 1	6	75728.976439337	75766.617700641	74.9	255.5	37.641	160.2	97.7	0.5111	21:02:08.976	c
355	Spectrogram 1	6	75972.648103052	76030.839458365	70.5	541.9	58.191	148.4	140.6	0.2353	21:06:12.648	sd
356	Spectrogram 1	6	76537.796484928	76596.801705350	74.9	537.4	59.005	152.3	132.8	0.2650	21:15:37.796	sd
357	Spectrogram 1	6	76689.582327807	76725.595858892	88.1	198.2	36.014	168.0	128.9	0.7778	21:18:09.582	c
358	Spectrogram 1	6	76863.545994913	76923.161614167	61.7	290.7	59.616	148.4	93.8	0.4828	21:21:03.546	su
359	Spectrogram 1	6	77038.242590618	77087.888362283	123.3	229.1	49.646	144.5	148.4	0.5769	21:23:58.243	c
360	Spectrogram 1	6	77147.123965771	77204.094523420	39.6	519.8	56.971	152.3	70.3	0.2705	21:25:47.124	su
361	Spectrogram 1	6	77456.488320271	77509.593018651	79.3	326.0	53.105	160.2	148.4	0.3871	21:30:56.488	su
362	Spectrogram 1	6	77676.638832329	77728.319266767	74.9	224.7	51.680	171.9	117.2	0.6757	21:34:36.639	c
363	Spectrogram 1	6	77808.688446307	77871.559525998	44.1	546.3	62.871	148.4	93.8	0.2835	21:36:48.688	su
364	Spectrogram 1	6	77579.585418048	77636.759441974	88.1	268.7	57.174	156.2	128.9	0.4889	21:32:59.585	c
365	Spectrogram 1	6	78082.958934816	78142.778020348	74.9	497.8	59.819	148.4	113.3	0.2523	21:41:22.959	c
366	Spectrogram 1	6	78393.695586850	78451.480009608	57.3	506.6	57.784	152.3	105.5	0.2807	21:46:33.696	c
367	Spectrogram 1	6	78450.869610776	78499.904983610	83.7	193.8	49.035	160.2	117.2	0.7778	21:47:30.870	c
368	Spectrogram 1	6	79182.046474943	79231.285314054	57.3	251.1	49.239	156.2	140.6	0.5918	21:59:42.046	c
369	Spectrogram 1	6	79054.721660323	79113.930347023	0.0	555.1	59.209	0.0	0.0	0.0211	21:57:34.722	su
370	Spectrogram 1	6	79413.917094574	79479.229769593	22.0	273.1	65.313	171.9	50.8	0.5397	22:03:33.917	sd
371	Spectrogram 1	6	79678.830187641	79731.731419744	70.5	489.0	52.901	156.2	144.5	0.2547	22:07:58.830	sd
372	Spectrogram 1	6	79932.878631500	80022.607259797	52.9	475.8	89.729	156.2	101.6	0.2804	22:12:12.879	sd
373	Spectrogram 1	6	80200.640252449	80267.173725132	22.0	506.6	66.533	156.2	50.8	0.2927	22:16:40.640	c
374	Spectrogram 1	6	80470.152133384	80536.685606066	0.0	440.5	66.533	3.9	0.0	0.0446	22:21:10.152	sd
375	Spectrogram 1	6	80571.681805765	80624.786504145	57.3	343.6	53.105	156.2	89.8	0.3889	22:22:51.682	sd
376	Spectrogram 1	6	80649.405923700	80697.423965147	83.7	224.7	48.018	156.2	144.5	0.6286	22:24:09.406	c
377	Spectrogram 1	6	80723.264182366	80782.065936511	17.6	440.5	58.802	23.4	39.1	0.3271	22:25:23.264	sd
378	Spectrogram 1	6	81069.075917295	81137.440586473	0.0	462.6	68.365	152.3	0.0	0.1949	22:31:09.076	sd
379	Spectrogram 1	6	81221.268692728	81281.087778259	17.6	392.1	59.819	156.2	50.8	0.3684	22:33:41.269	su
380	Spectrogram 1	6	81356.899763188	81427.502561417	0.0	607.9	70.603	3.9	0.0	0.0452	22:35:56.900	sd
381	Spectrogram 1	6	81414.480719668	81465.754221552	101.3	207.0	51.274	152.3	148.4	0.6667	22:36:54.481	c
382	Spectrogram 1	6	81521.786956041	81580.385243908	74.9	511.0	58.598	156.2	144.5	0.2364	22:38:41.787	sd
383	Spectrogram 1	6	81874.843968726	81935.680385644	30.8	572.7	60.836	152.3	70.3	0.2609	22:44:34.844	su
384	Spectrogram 1	6	81753.985000000	81793.660924077	30.8	603.5	39.676	164.1	144.5	0.2466	22:42:33.985	sd
385	Spectrogram 1	6	81984.746433495	82046.803648077	22.0	475.8	62.057	148.4	85.9	0.3217	22:46:24.746	sd
386	Spectrogram 1	6	82148.536786735	82197.165227014	118.9	246.7	48.628	156.2	152.3	0.4688	22:49:08.537	c
387	Spectrogram 1	6	82362.064766390	82418.424925207	57.3	533.0	56.360	93.8	85.9	0.2727	22:52:42.065	su
388	Spectrogram 1	6	82404.182285795	82459.525113225	26.4	427.3	55.343	156.2	74.2	0.3529	22:53:24.182	c
389	Spectrogram 1	6	82684.355349661	82752.313086285	35.2	330.4	67.958	156.2	85.9	0.4459	22:58:04.355	sd
390	Spectrogram 1	6	82847.861300113	82908.087318199	26.4	471.4	60.226	152.3	78.1	0.3274	23:00:47.861	su
391	Spectrogram 1	6	82913.377441409	82964.244010739	88.1	211.5	50.867	168.0	128.9	0.6774	23:01:53.377	c
392	Spectrogram 1	6	84898.274163150	84937.136222118	118.9	211.5	38.862	164.1	136.7	0.6522	23:34:58.274	c
393	Spectrogram 1	6	85891.124131747	85944.228830127	118.9	211.5	53.105	171.9	148.4	0.6087	23:51:31.124	c
394	Spectrogram 1	6	86289.720777694	86351.167593444	0.0	511.0	61.447	0.0	0.0	0.0154	23:58:09.721	su
