Selection	View	Channel	Begin Time (s)	End Time (s)	Low Freq (Hz)	High Freq (Hz)	Delta Time (s)	Peak Freq (Hz)	Q1 Freq (Hz)	Q3 Freq Rel.	Begin Clock Time	calltype
1	Spectrogram 1	6	359.321445742	436.435164846	0.0	211.5	77.114	0.0	0.0	0.0185	0:05:59.321	c
2	Spectrogram 1	6	240.490256409	306.413330260	0.0	198.2	65.923	0.0	0.0	0.0200	0:04:00.490	sd
3	Spectrogram 1	6	456.367976642	535.516358519	0.0	489.0	79.148	0.0	0.0	0.0080	0:07:36.368	su
4	Spectrogram 1	6	750.854868310	806.197695740	52.9	224.7	55.343	156.2	85.9	0.6047	0:12:30.855	c
5	Spectrogram 1	6	1109.339737189	1187.674253956	0.0	207.0	78.335	0.0	0.0	0.0189	0:18:29.340	su
6	Spectrogram 1	6	1570.720317634	1632.777532216	0.0	475.8	62.057	0.0	0.0	0.1736	0:26:10.720	su
7	Spectrogram 1	6	2776.503070271	2835.101358139	30.8	515.4	58.598	171.9	121.1	0.5528	0:46:16.503	su
8	Spectrogram 1	6	3077.348757913	3131.877720234	0.0	207.0	54.529	0.0	0.0	0.0189	0:51:17.349	c
9	Spectrogram 1	6	3370.950596081	3427.107288621	0.0	440.5	56.157	0.0	0.0	0.0089	0:56:10.951	c
10	Spectrogram 1	6	3905.826952588	3941.999500000	0.0	436.1	36.173	0.0	0.0	0.0090	1:05:05.827	c
11	Spectrogram 1	6	4183.026102110	4264.819545592	0.0	198.2	81.793	0.0	0.0	0.0200	1:09:43.026	c
12	Spectrogram 1	6	4032.461056895	4081.496429729	0.0	189.4	49.035	0.0	0.0	0.0208	1:07:12.461	c
13	Spectrogram 1	6	4537.383420686	4612.259010739	0.0	215.9	74.876	0.0	0.0	0.0182	1:15:37.383	su
14	Spectrogram 1	6	4810.435164846	4875.340907310	35.2	198.2	64.906	171.9	82.0	0.7750	1:20:10.435	c
15	Spectrogram 1	6	4979.638171063	5048.613239073	0.0	546.3	68.975	0.0	0.0	0.0072	1:22:59.638	su
16	Spectrogram 1	6	5577.077591184	5639.338272043	0.0	541.9	62.261	0.0	0.0	0.1377	1:32:57.078	su
17	Spectrogram 1	6	5635.879345329	5687.152847213	0.0	207.0	51.274	0.0	0.0	0.0189	1:33:55.879	c
18	Spectrogram 1	6	6110.748799925	6176.468407498	0.0	378.9	65.720	0.0	0.0	0.0104	1:41:50.749	su
19	Spectrogram 1	6	5910.537983044	5942.278722306	30.8	202.6	31.741	164.1	78.1	0.7907	1:38:30.538	c
20	Spectrogram 1	6	5985.820505652	6023.258300678	26.4	220.3	37.438	93.8	85.9	0.5714	1:39:45.821	c
21	Spectrogram 1	6	6017.561244913	6063.748089864	22.0	207.0	46.187	160.2	74.2	0.7234	1:40:17.561	c
22	Spectrogram 1	6	6338.793805201	6393.485988885	0.0	193.8	54.692	0.0	0.0	0.0204	1:45:38.794	c
23	Spectrogram 1	6	6514.548423888	6536.115849284	127.8	198.2	21.567	171.9	156.2	0.5882	1:48:34.548	c
24	Spectrogram 1	6	6565.255351860	6615.714988635	0.0	202.6	50.460	0.0	0.0	0.0196	1:49:25.255	c
25	Spectrogram 1	6	7084.579996420	7134.022301809	0.0	193.8	49.442	0.0	0.0	0.0204	1:58:04.580	c
26	Spectrogram 1	6	6856.901232102	6933.608018651	92.5	233.5	76.707	183.6	132.8	0.6000	1:54:16.901	c
27	Spectrogram 1	6	7214.594947626	7308.189435192	0.0	467.0	93.594	0.0	0.0	0.1513	2:00:14.595	c
28	Spectrogram 1	6	7356.940405237	7455.214617182	0.0	207.0	98.274	0.0	0.0	0.0189	2:02:36.940	c
29	Spectrogram 1	6	7746.781792577	7815.756860588	0.0	224.7	68.975	0.0	0.0	0.0175	2:09:06.782	c
30	Spectrogram 1	6	7914.764001130	8000.016371326	0.0	189.4	85.252	0.0	0.0	0.0208	2:11:54.764	sd
31	Spectrogram 1	6	7808.351138093	7879.360868877	0.0	427.3	71.010	0.0	0.0	0.0092	2:10:08.351	sd
32	Spectrogram 1	6	8272.740691158	8315.999500000	96.9	193.8	43.259	171.9	136.7	0.7500	2:17:52.741	c
33	Spectrogram 1	6	8328.736938960	8396.491209307	0.0	436.1	67.754	0.0	0.0	0.0901	2:18:48.737	su
34	Spectrogram 1	6	8612.165463263	8697.010900904	0.0	215.9	84.845	0.0	0.0	0.1091	2:23:32.165	sd
35	Spectrogram 1	6	8904.058634702	8982.393151469	0.0	480.2	78.335	0.0	0.0	0.0082	2:28:24.059	su
36	Spectrogram 1	6	9448.478506037	9512.163450837	0.0	590.3	63.685	0.0	0.0	0.0066	2:37:28.479	su
37	Spectrogram 1	6	10058.567885456	10136.698935946	0.0	555.1	78.131	0.0	0.0	0.1338	2:47:38.568	su
38	Spectrogram 1	6	9939.336646948	9983.488829126	101.3	242.3	44.152	171.9	121.1	0.5000	2:45:39.337	c
39	Spectrogram 1	6	10223.031245670	10270.702276187	141.0	193.8	47.671	168.0	156.2	0.5000	2:50:23.031	c
40	Spectrogram 1	6	10585.057674642	10651.387681047	0.0	414.1	66.330	0.0	0.0	0.1604	2:56:25.058	su
41	Spectrogram 1	6	10420.046523738	10480.679474378	0.0	405.3	60.633	0.0	0.0	0.1456	2:53:40.047	sd
42	Spectrogram 1	6	11038.910002826	11066.174483986	0.0	493.4	27.264	0.0	0.0	0.1905	3:03:58.910	c
43	Spectrogram 1	6	11081.230988508	11117.244519593	0.0	383.3	36.014	0.0	0.0	0.1020	3:04:41.231	c
44	Spectrogram 1	6	11115.820255652	11150.206056518	0.0	308.4	34.386	0.0	0.0	0.1282	3:05:15.820	c
45	Spectrogram 1	6	10734.524451959	10755.481478523	0.0	361.2	20.957	0.0	0.0	0.0109	2:58:54.524	c
46	Spectrogram 1	6	10946.491863099	10977.215270974	0.0	462.6	30.723	168.0	0.0	0.1610	3:02:26.492	sd
47	Spectrogram 1	6	11618.301024115	11673.236918990	0.0	467.0	54.936	156.2	3.9	0.3361	3:13:38.301	sd
48	Spectrogram 1	6	11713.238839111	11753.932094574	0.0	365.6	40.693	50.8	0.0	0.1398	3:15:13.239	c
49	Spectrogram 1	6	12102.673293896	12159.847317822	0.0	577.1	57.174	156.2	46.9	0.2789	3:21:42.673	sd
50	Spectrogram 1	6	11844.881520535	11888.219837604	0.0	330.4	43.338	46.9	0.0	0.1429	3:17:24.882	c
51	Spectrogram 1	6	11759.425684062	11789.945625659	0.0	383.3	30.520	164.1	3.9	0.4184	3:15:59.426	sd
52	Spectrogram 1	6	12208.598287867	12216.736938960	0.0	471.4	8.139	168.0	78.1	0.3500	3:23:28.598	c
53	Spectrogram 1	6	12236.269701583	12273.504030332	0.0	387.7	37.234	46.9	0.0	0.1313	3:23:56.270	c
54	Spectrogram 1	6	12297.106118500	12314.807684627	0.0	528.6	17.702	160.2	148.4	0.3111	3:24:57.106	c
55	Spectrogram 1	6	12330.067655426	12391.921403730	0.0	378.9	61.854	50.8	0.0	0.1354	3:25:30.068	c
56	Spectrogram 1	6	12483.277762246	12498.334266767	0.0	489.0	15.057	0.0	0.0	0.2400	3:28:03.278	c
57	Spectrogram 1	6	12526.616079314	12559.577616240	35.2	471.4	32.962	46.9	43.0	0.1000	3:28:46.616	c
58	Spectrogram 1	6	12632.418543519	12678.605388470	0.0	422.9	46.187	164.1	78.1	0.3889	3:30:32.419	sd
59	Spectrogram 1	6	12415.110300994	12464.552606383	0.0	211.5	49.442	0.0	0.0	0.3148	3:26:55.110	c
60	Spectrogram 1	6	12694.801754145	12743.633660701	0.0	374.4	48.832	46.9	0.0	0.1263	3:31:34.802	sd
61	Spectrogram 1	6	12920.852788244	12944.251410136	0.0	502.2	23.399	160.2	105.5	0.3281	3:35:20.853	sd
62	Spectrogram 1	6	12958.290583271	12992.879850414	0.0	387.7	34.589	46.9	3.9	0.1313	3:35:58.291	c
63	Spectrogram 1	6	13041.915223248	13064.499980030	0.0	546.3	22.585	160.2	66.4	0.2734	3:37:21.915	sd
64	Spectrogram 1	6	12776.391731349	12786.565045215	0.0	427.3	10.173	140.6	0.0	0.2752	3:32:56.392	c
65	Spectrogram 1	6	12794.907162585	12847.604928410	0.0	343.6	52.698	46.9	0.0	0.1494	3:33:14.907	c
66	Spectrogram 1	6	12985.961996986	13044.967217408	0.0	497.8	59.005	46.9	0.0	0.1496	3:36:25.962	su
67	Spectrogram 1	6	13088.712467031	13104.582836662	0.0	352.4	15.870	50.8	0.0	0.1444	3:38:08.712	c
68	Spectrogram 1	6	13133.538906243	13186.295343632	0.0	348.0	52.756	50.8	43.0	0.1461	3:38:53.539	c
69	Spectrogram 1	6	13208.676634137	13230.650992087	0.0	356.8	21.974	50.8	39.1	0.1429	3:40:08.677	c
70	Spectrogram 1	6	13304.305784476	13345.609438772	0.0	458.1	41.304	168.0	82.0	0.3590	3:41:44.306	sd
71	Spectrogram 1	6	13401.766131311	13446.528712321	0.0	286.3	44.763	46.9	3.9	0.1781	3:43:21.766	c
72	Spectrogram 1	6	13587.937775057	13647.146461756	0.0	471.4	59.209	164.1	3.9	0.3333	3:46:27.938	sd
73	Spectrogram 1	6	13722.958446684	13782.370599661	0.0	299.6	59.412	50.8	0.0	0.1711	3:48:42.958	c
74	Spectrogram 1	6	14038.738109081	14103.033452713	0.0	511.0	64.295	168.0	74.2	0.3231	3:53:58.738	sd
75	Spectrogram 1	6	14152.394821590	14199.802464205	0.0	352.4	47.408	50.8	0.0	0.1444	3:55:52.395	c
76	Spectrogram 1	6	14471.226478146	14528.603968350	0.0	484.6	57.377	164.1	82.0	0.3387	4:01:11.226	sd
77	Spectrogram 1	6	14226.456546534	14255.959156745	39.6	444.9	29.503	50.8	46.9	0.1176	3:57:06.457	c
78	Spectrogram 1	6	14399.809814808	14442.741199322	118.9	207.0	42.931	168.0	152.3	0.5909	3:59:59.810	c
79	Spectrogram 1	6	14595.423544711	14633.999500000	0.0	343.6	38.576	46.9	0.0	0.1379	4:03:15.424	c
80	Spectrogram 1	6	14736.669033534	14797.912383007	0.0	471.4	61.243	46.9	0.0	0.1000	4:05:36.669	su
81	Spectrogram 1	6	14999.954396383	15048.175904107	0.0	198.2	48.222	0.0	0.0	0.3600	4:09:59.954	c
82	Spectrogram 1	6	15056.314555200	15114.098977958	0.0	414.1	57.784	171.9	3.9	0.3396	4:10:56.315	sd
83	Spectrogram 1	6	15186.452036172	15239.353268274	4.4	339.2	52.901	54.7	43.0	0.3690	4:13:06.452	c
84	Spectrogram 1	6	15551.566945990	15618.533472683	0.0	519.8	66.967	164.1	3.9	0.3158	4:19:11.567	sd
85	Spectrogram 1	6	15763.209887651	15846.427595073	0.0	321.6	83.218	0.0	0.0	0.1585	4:22:43.210	sd
86	Spectrogram 1	6	16103.516141296	16161.707496609	0.0	621.1	58.191	0.0	0.0	0.0692	4:28:23.516	su
87	Spectrogram 1	6	16239.024681989	16290.094717596	0.0	497.8	51.070	168.0	0.0	0.3386	4:30:39.025	sd
88	Spectrogram 1	6	16599.282522607	16660.525872080	0.0	189.4	61.243	0.0	0.0	0.0208	4:36:39.283	c
89	Spectrogram 1	6	16683.110628862	16754.934224755	0.0	480.2	71.824	0.0	0.0	0.0820	4:38:03.111	su
90	Spectrogram 1	6	17110.919273549	17173.179954408	0.0	374.4	62.261	0.0	0.0	0.1789	4:45:10.919	su
91	Spectrogram 1	6	17286.103738320	17385.802214205	0.0	467.0	99.698	0.0	0.0	0.1597	4:48:06.104	c
92	Spectrogram 1	6	17394.754730407	17452.539153165	0.0	281.9	57.784	0.0	0.0	0.0139	4:49:54.755	su
93	Spectrogram 1	6	17254.760548111	17281.211164162	0.0	211.5	26.451	0.0	0.0	0.0185	4:47:34.761	c
94	Spectrogram 1	6	17846.775862095	17912.292003391	0.0	493.4	65.516	0.0	0.0	0.1984	4:57:26.776	su
95	Spectrogram 1	6	17722.012217595	17766.367866050	8.8	101.3	44.356	50.8	43.0	0.5000	4:55:22.012	c
96	Spectrogram 1	6	17961.492025997	18035.999500000	0.0	220.3	74.507	0.0	0.0	0.0179	4:59:21.492	c
97	Spectrogram 1	6	18377.945375659	18435.933264695	0.0	475.8	57.988	0.0	0.0	0.0826	5:06:17.945	su
98	Spectrogram 1	6	18247.481550243	18291.430266143	0.0	224.7	43.949	0.0	0.0	0.0175	5:04:07.482	c
99	Spectrogram 1	6	18913.794613602	18985.414743218	0.0	515.4	71.620	0.0	0.0	0.0382	5:15:13.795	su
100	Spectrogram 1	6	19229.900272042	19347.910712886	0.0	215.9	118.010	0.0	0.0	0.2909	5:20:29.900	c
101	Spectrogram 1	6	19537.867279390	19600.941825358	0.0	444.9	63.075	0.0	0.0	0.0088	5:25:37.867	su
102	Spectrogram 1	6	19830.858718726	19899.019921628	0.0	299.6	68.161	0.0	0.0	0.0132	5:30:30.859	c
103	Spectrogram 1	6	19911.174056768	19979.999500000	0.0	198.2	68.825	0.0	0.0	0.0200	5:31:51.174	c
104	Spectrogram 1	6	20074.733848719	20163.852078184	0.0	462.6	89.118	0.0	0.0	0.1949	5:34:34.734	c
105	Spectrogram 1	6	20422.129042265	20511.698475885	0.0	427.3	89.569	0.0	0.0	0.0367	5:40:22.129	su
106	Spectrogram 1	6	20576.807684627	20628.081186511	118.9	242.3	51.274	179.7	164.1	0.4839	5:42:56.808	c
107	Spectrogram 1	6	20818.932554635	20870.206056518	88.1	202.6	51.274	168.0	125.0	0.7143	5:46:58.933	c
108	Spectrogram 1	6	20640.435029700	20712.869024425	0.0	431.7	72.434	0.0	0.0	0.1545	5:44:00.435	su
109	Spectrogram 1	6	21128.978049675	21229.083458115	0.0	493.4	100.105	0.0	0.0	0.0317	5:52:08.978	su
110	Spectrogram 1	6	21702.831656556	21807.820255652	0.0	378.9	104.989	0.0	0.0	0.0104	6:01:42.832	c
111	Spectrogram 1	6	22001.642681424	22132.471497739	0.0	493.4	130.829	0.0	0.0	0.1587	6:06:41.643	su
112	Spectrogram 1	6	22271.845897702	22328.612989073	0.0	497.8	56.767	0.0	0.0	0.0945	6:11:11.846	su
113	Spectrogram 1	6	22646.346377732	22713.286782969	0.0	497.8	66.940	0.0	0.0	0.1496	6:17:26.346	su
114	Spectrogram 1	6	22833.189770344	22879.580081572	0.0	207.0	46.390	0.0	0.0	0.2453	6:20:33.190	c
115	Spectrogram 1	6	23139.671163715	23192.368929540	0.0	343.6	52.698	0.0	0.0	0.0575	6:25:39.671	c
116	Spectrogram 1	6	23534.307921819	23619.356825738	0.0	489.0	85.049	0.0	0.0	0.2480	6:32:14.308	su
117	Spectrogram 1	6	24023.800648703	24079.143476133	48.5	246.7	55.343	50.8	62.5	0.5800	6:40:23.801	c
118	Spectrogram 1	6	24120.040197874	24157.477992900	110.1	229.1	37.438	168.0	160.2	0.4828	6:42:00.040	c
119	Spectrogram 1	6	24226.859993465	24290.951870820	92.5	246.7	64.092	109.4	105.5	0.3590	6:43:46.860	c
120	Spectrogram 1	6	24412.109918802	24500.617749435	44.1	467.0	88.508	46.9	54.7	0.2056	6:46:52.110	c
121	Spectrogram 1	6	25144.914513188	25229.759950829	92.5	621.1	84.845	183.6	144.5	0.1704	6:59:04.915	su
122	Spectrogram 1	6	25535.732995171	25584.157969173	83.7	215.9	48.425	171.9	101.6	0.6364	7:05:35.733	c
123	Spectrogram 1	6	25582.530238954	25632.786409452	79.3	277.5	50.256	113.3	109.4	0.2400	7:06:22.530	su
124	Spectrogram 1	6	26196.062895064	26246.319065561	127.8	198.2	50.256	168.0	156.2	0.6471	7:16:36.063	c
125	Spectrogram 1	6	25875.603508289	25927.690875283	83.7	202.6	52.087	168.0	113.3	0.7241	7:11:15.604	c
126	Spectrogram 1	6	27981.359198757	28060.304114356	114.5	220.3	78.945	175.8	148.4	0.5769	7:46:21.359	c
127	Spectrogram 1	6	28637.863939148	28693.410232856	114.5	224.7	55.546	179.7	168.0	0.5926	7:57:17.864	c
128	Spectrogram 1	6	29458.891961379	29546.178994348	92.5	211.5	87.287	179.7	125.0	0.6667	8:10:58.892	c
129	Spectrogram 1	6	29318.907162585	29379.947045780	127.8	207.0	61.040	164.1	140.6	0.5000	8:08:38.907	c
130	Spectrogram 1	6	29652.307454597	29712.940405237	92.5	440.5	60.633	101.6	117.2	0.2500	8:14:12.307	su
131	Spectrogram 1	6	30028.109668802	30095.050074039	101.3	224.7	66.940	175.8	125.0	0.6129	8:20:28.110	c
132	Spectrogram 1	6	29841.509184128	29950.770575048	132.2	207.0	109.261	168.0	148.4	0.4737	8:17:21.509	c
133	Spectrogram 1	6	30269.746669744	30353.371309721	57.3	440.5	83.625	179.7	70.3	0.2887	8:24:29.747	sd
134	Spectrogram 1	6	31016.997369819	31099.401212133	74.9	559.5	82.404	179.7	121.1	0.2033	8:36:56.997	sd
135	Spectrogram 1	6	30803.471095078	30842.536620323	149.8	211.5	39.066	175.8	171.9	0.4667	8:33:23.471	c
136	Spectrogram 1	6	31121.091167295	31213.464857197	88.1	220.3	92.374	152.3	121.1	0.5758	8:38:41.091	c
137	Spectrogram 1	6	31304.778649025	31402.238995860	83.7	211.5	97.460	164.1	109.4	0.5938	8:41:44.779	c
138	Spectrogram 1	6	31524.318762251	31592.276498875	70.5	233.5	67.958	128.9	93.8	0.3750	8:45:24.319	c
139	Spectrogram 1	6	31733.036792954	31818.696095705	52.9	533.0	85.659	175.8	93.8	0.2459	8:48:53.037	c
140	Spectrogram 1	6	32303.657480975	32353.710185195	92.5	198.2	50.053	128.9	117.2	0.4231	8:58:23.657	c
141	Spectrogram 1	6	32694.863479088	32779.301984175	44.1	581.5	84.439	175.8	125.0	0.2500	9:04:54.863	sd
142	Spectrogram 1	6	32786.278054440	32834.499562164	35.2	185.0	48.222	117.2	58.6	0.5405	9:06:26.278	sd
143	Spectrogram 1	6	33495.015411266	33572.129130369	35.2	489.0	77.114	183.6	109.4	0.3130	9:18:15.015	sd
144	Spectrogram 1	6	33151.360868877	33218.504740392	66.1	211.5	67.144	121.1	89.8	0.4324	9:12:31.361	sd
145	Spectrogram 1	6	33966.976238131	34033.306244537	35.2	242.3	66.330	132.8	62.5	0.4615	9:26:06.976	sd
146	Spectrogram 1	6	34213.234113664	34292.382495540	0.0	480.2	79.148	179.7	3.9	0.3525	9:30:13.234	sd
147	Spectrogram 1	6	34910.897891861	34996.150262057	39.6	511.0	85.252	179.7	121.1	0.2941	9:41:50.898	sd
148	Spectrogram 1	6	35665.188975132	35744.947755840	35.2	537.4	79.759	179.7	82.0	0.2835	9:54:25.189	sd
149	Spectrogram 1	6	36867.105868500	36904.340197249	145.4	436.1	37.234	179.7	175.8	0.1233	10:14:27.106	c
150	Spectrogram 1	6	38610.488119066	38654.233368689	57.3	198.2	43.745	132.8	85.9	0.7143	10:43:30.488	c
151	Spectrogram 1	6	38770.005680482	38819.041053316	132.2	193.8	49.035	168.0	148.4	0.6667	10:46:10.006	c
152	Spectrogram 1	6	39310.127710249	39358.349217973	101.3	220.3	48.222	171.9	136.7	0.6000	10:55:10.128	sd
153	Spectrogram 1	6	39733.663563112	39771.304824416	66.1	207.0	37.641	179.7	85.9	0.6944	11:02:13.664	c
154	Spectrogram 1	6	40047.938025057	40095.549133949	52.9	211.5	47.611	183.6	74.2	0.6750	11:07:27.938	c
155	Spectrogram 1	6	40339.424263941	40403.312675019	0.0	180.6	63.888	168.0	0.0	0.3696	11:12:19.424	sd
156	Spectrogram 1	6	40451.330716466	40528.647901846	0.0	563.9	77.317	0.0	3.9	0.2569	11:14:11.331	sd
157	Spectrogram 1	6	40758.361328937	40838.120109646	0.0	207.0	79.759	0.0	0.0	0.5472	11:19:18.361	sd
158	Spectrogram 1	6	40977.617039375	41052.696095705	0.0	524.2	75.079	168.0	27.3	0.3060	11:22:57.617	sd
159	Spectrogram 1	6	41209.975528071	41264.707956669	0.0	251.1	54.732	0.0	0.0	0.2188	11:26:49.976	c
160	Spectrogram 1	6	41611.537022984	41681.325956104	0.0	603.5	69.789	89.8	3.9	0.1688	11:33:31.537	sd
161	Spectrogram 1	6	41848.901232102	41896.919273549	0.0	237.9	48.018	58.6	0.0	0.2500	11:37:28.901	c
162	Spectrogram 1	6	42174.243809533	42253.799123964	0.0	506.6	79.555	89.8	3.9	0.2713	11:42:54.244	sd
163	Spectrogram 1	6	41976.678054258	42059.895761680	0.0	449.3	83.218	0.0	0.0	0.2261	11:39:36.678	sd
164	Spectrogram 1	6	42452.301274115	42495.639591183	0.0	273.1	43.338	0.0	0.0	0.0145	11:47:32.301	c
165	Spectrogram 1	6	42731.660472871	42796.973147890	0.0	533.0	65.313	175.8	0.0	0.2721	11:52:11.660	sd
166	Spectrogram 1	6	43128.135310852	43204.842097400	0.0	537.4	76.707	0.0	0.0	0.2044	11:58:48.135	sd
167	Spectrogram 1	6	43527.051744160	43607.827856255	0.0	515.4	80.776	0.0	3.9	0.2901	12:05:27.052	sd
168	Spectrogram 1	6	43752.818375471	43818.944915599	0.0	193.8	66.127	0.0	0.0	0.0204	12:09:12.818	c
169	Spectrogram 1	6	44013.255210437	44089.758530708	0.0	533.0	76.503	179.7	0.0	0.3235	12:13:33.255	sd
170	Spectrogram 1	6	43877.543203466	43913.353268274	101.3	224.7	35.810	179.7	164.1	0.6452	12:11:17.543	c
171	Spectrogram 1	6	44461.811782091	44540.960163968	0.0	484.6	79.148	164.1	0.0	0.3145	12:21:01.812	sd
172	Spectrogram 1	6	44554.394571590	44621.538443105	0.0	211.5	67.144	0.0	0.0	0.3704	12:22:34.395	sd
173	Spectrogram 1	6	45030.424724002	45110.183504710	0.0	506.6	79.759	179.7	0.0	0.3101	12:30:30.425	sd
174	Spectrogram 1	6	45623.244519593	45697.102778259	0.0	215.9	73.858	0.0	0.0	0.3455	12:40:23.245	c
175	Spectrogram 1	6	45393.523576045	45467.585300988	0.0	537.4	74.062	168.0	0.0	0.2628	12:36:33.524	sd
176	Spectrogram 1	6	45923.016534228	46003.182247491	0.0	541.9	80.166	179.7	3.9	0.3261	12:45:23.017	sd
177	Spectrogram 1	6	46584.257340618	46654.453206292	0.0	246.7	70.196	179.7	3.9	0.7143	12:56:24.257	sd
178	Spectrogram 1	6	46323.006640543	46398.492629427	0.0	207.0	75.486	0.0	0.0	0.0189	12:52:03.007	sd
179	Spectrogram 1	6	46982.766841372	47069.850408063	0.0	215.9	87.084	0.0	0.0	0.0182	13:03:02.767	c
180	Spectrogram 1	6	47265.910962886	47346.076676149	0.0	533.0	80.166	0.0	3.9	0.3235	13:07:45.911	sd
181	Spectrogram 1	6	47592.270871703	47633.167593444	0.0	224.7	40.897	0.0	0.0	0.0175	13:13:12.271	c
182	Spectrogram 1	6	48004.005680482	48091.699646006	0.0	559.5	87.694	175.8	93.8	0.3147	13:20:04.006	sd
183	Spectrogram 1	6	48468.845187641	48545.551974190	0.0	233.5	76.707	0.0	0.0	0.0169	13:27:48.845	c
184	Spectrogram 1	6	49037.045563677	49117.821675772	0.0	594.7	80.776	179.7	93.8	0.2895	13:37:17.046	sd
185	Spectrogram 1	6	48657.987889035	48777.829526375	0.0	207.0	119.842	0.0	0.0	0.0189	13:30:57.988	c
186	Spectrogram 1	6	49289.669743595	49401.372729842	0.0	198.2	111.703	0.0	0.0	0.0800	13:41:29.670	sd
187	Spectrogram 1	6	49547.868449510	49622.337107008	0.0	193.8	74.469	168.0	0.0	0.5102	13:45:47.868	c
188	Spectrogram 1	6	49870.688495102	49991.140531274	0.0	577.1	120.452	179.7	105.5	0.3061	13:51:10.688	sd
189	Spectrogram 1	6	50487.110378862	50541.435874906	0.0	268.7	54.325	0.0	0.0	0.0147	14:01:27.110	c
190	Spectrogram 1	6	50584.693255463	50669.742159382	0.0	246.7	85.049	179.7	3.9	0.7143	14:03:04.693	sd
191	Spectrogram 1	6	50855.710336850	50916.343287491	0.0	185.0	60.633	164.1	0.0	0.3404	14:07:35.710	c
192	Spectrogram 1	6	51013.803634326	51070.570725697	0.0	207.0	56.767	0.0	0.0	0.0189	14:10:13.804	c
193	Spectrogram 1	6	51316.277052185	51395.221967784	0.0	502.2	78.945	183.6	0.0	0.3359	14:15:16.277	sd
194	Spectrogram 1	6	51171.612529013	51219.630570460	0.0	207.0	48.018	0.0	0.0	0.0189	14:12:51.613	c
195	Spectrogram 1	6	51544.688745102	51620.174733986	0.0	229.1	75.486	168.0	0.0	0.6724	14:19:04.689	sd
196	Spectrogram 1	6	51898.720067634	51961.387681047	0.0	220.3	62.668	0.0	0.0	0.0179	14:24:58.720	c
197	Spectrogram 1	6	52028.857548606	52107.598997928	0.0	585.9	78.741	0.0	0.0	0.2349	14:27:08.858	su
198	Spectrogram 1	6	52146.461056895	52223.981708553	0.0	225.8	77.521	0.0	0.0	0.0175	14:29:06.461	sd
199	Spectrogram 1	6	52380.854208365	52443.318355501	0.0	225.8	62.464	0.0	0.0	0.0175	14:33:00.854	c
200	Spectrogram 1	6	52237.096833461	52296.915918992	0.0	225.8	59.819	0.0	0.0	0.0175	14:30:37.097	sd
201	Spectrogram 1	6	52771.021591748	52849.559574793	0.0	528.2	78.538	168.0	0.0	0.2815	14:39:31.022	sd
202	Spectrogram 1	6	53059.252370196	53123.140781274	0.0	229.8	63.888	0.0	0.0	0.0172	14:44:19.252	su
203	Spectrogram 1	6	53233.023837790	53282.669609455	0.0	100.8	49.646	0.0	0.0	0.0400	14:47:13.024	c
204	Spectrogram 1	6	53507.611108892	53584.114429164	0.0	471.8	76.503	164.1	0.0	0.2417	14:51:47.611	sd
207	Spectrogram 1	6	53806.295170874	53867.945452901	0.0	198.2	61.650	0.0	0.0	0.0200	14:56:46.295	c
208	Spectrogram 1	6	53668.955433685	53768.450443293	0.0	198.2	99.495	0.0	0.0	0.0200	14:54:28.955	c
209	Spectrogram 1	6	53987.380157687	54055.744826865	0.0	202.6	68.365	0.0	0.0	0.0196	14:59:47.380	c
210	Spectrogram 1	6	54160.855955727	54235.324613225	0.0	317.2	74.469	0.0	0.0	0.0123	15:02:40.856	c
211	Spectrogram 1	6	54383.041130558	54442.860216089	0.0	233.5	59.819	0.0	0.0	0.0169	15:06:23.041	c
212	Spectrogram 1	6	54263.681558787	54324.111043150	0.0	378.9	60.429	0.0	0.0	0.3021	15:04:23.682	c
213	Spectrogram 1	6	54524.572723060	54553.261468161	0.0	207.0	28.689	0.0	0.0	0.0189	15:08:44.573	c
214	Spectrogram 1	6	54587.443802751	54633.834113979	0.0	409.7	46.390	0.0	0.0	0.2019	15:09:47.444	c
215	Spectrogram 1	6	54826.109746044	54887.149629239	0.0	215.9	61.040	0.0	0.0	0.3636	15:13:46.110	c
216	Spectrogram 1	6	54882.673371138	54937.609266014	0.0	475.8	54.936	0.0	0.0	0.2893	15:14:42.673	su
217	Spectrogram 1	6	54676.300341181	54739.781819704	0.0	176.2	63.481	0.0	0.0	0.0222	15:11:16.300	sd
218	Spectrogram 1	6	55428.899389224	55482.411020158	0.0	559.5	53.512	0.0	0.0	0.1608	15:23:48.899	c
219	Spectrogram 1	6	55183.519058779	55232.757897890	127.8	215.9	49.239	179.7	164.1	0.5909	15:19:43.519	c
220	Spectrogram 1	6	55935.850782468	56024.486776187	0.0	237.9	88.636	0.0	0.0	0.7000	15:32:15.851	sd
221	Spectrogram 1	6	56387.267148644	56437.726785418	17.6	356.8	50.460	54.7	54.7	0.4535	15:39:47.267	c
222	Spectrogram 1	6	56148.270022794	56234.336258099	0.0	555.1	86.066	0.0	3.9	0.2606	15:35:48.270	sd
223	Spectrogram 1	6	56239.219448754	56284.185496042	13.2	198.2	44.966	168.0	89.8	0.8478	15:37:19.219	c
224	Spectrogram 1	6	56818.534720045	56894.224175207	0.0	462.6	75.689	0.0	3.9	0.3475	15:46:58.535	sd
225	Spectrogram 1	6	56640.461035797	56697.228127168	4.4	295.2	56.767	152.3	78.1	0.5205	15:44:00.461	su
226	Spectrogram 1	6	56701.297452715	56780.649300868	35.2	229.1	79.352	179.7	136.7	0.7500	15:45:01.297	sd
227	Spectrogram 1	6	57036.162700264	57095.778319518	17.6	198.2	59.616	46.9	46.9	0.4889	15:50:36.163	c
228	Spectrogram 1	6	57312.673371138	57372.899389224	0.0	387.7	60.226	0.0	0.0	0.3333	15:55:12.673	sd
229	Spectrogram 1	6	57422.260758101	57500.595274868	0.0	453.7	78.335	0.0	3.9	0.3276	15:57:02.261	sd
230	Spectrogram 1	6	57871.921230972	57931.333383949	0.0	343.6	59.412	0.0	0.0	0.1379	16:04:31.921	su
231	Spectrogram 1	6	57646.402962695	57703.576986621	26.4	299.6	57.174	50.8	46.9	0.3043	16:00:46.403	c
232	Spectrogram 1	6	58019.556811794	58095.449733233	17.6	189.4	75.893	54.7	50.8	0.4186	16:06:59.557	c
233	Spectrogram 1	6	58127.102826804	58175.120868251	158.6	202.6	48.018	179.7	175.8	0.5000	16:08:47.103	c
234	Spectrogram 1	6	58377.162881627	58436.371568326	0.0	471.4	59.209	0.0	0.0	0.1750	16:12:57.163	su
235	Spectrogram 1	6	58901.828183497	58961.850735305	0.0	387.7	60.023	0.0	0.0	0.2121	16:21:41.828	su
236	Spectrogram 1	6	59082.465546158	59126.007329504	0.0	92.5	43.542	54.7	0.0	0.0870	16:24:42.466	c
237	Spectrogram 1	6	59521.708993971	59580.714214393	0.0	555.1	59.005	0.0	0.0	0.2254	16:32:01.709	su
238	Spectrogram 1	6	59576.200393872	59624.625367873	57.3	224.7	48.425	168.0	113.3	0.6905	16:32:56.200	c
239	Spectrogram 1	6	60282.591934627	60334.475835343	22.0	400.9	51.884	128.9	85.9	0.4167	16:44:42.592	c
240	Spectrogram 1	6	60078.984166097	60131.681931923	0.0	242.3	52.698	0.0	0.0	0.0806	16:41:18.984	su
241	Spectrogram 1	6	60372.036160136	60428.192852675	0.0	277.5	56.157	0.0	0.0	0.1690	16:46:12.036	su
242	Spectrogram 1	6	60750.890368500	60813.761448191	101.3	352.4	62.871	148.4	136.7	0.3906	16:52:30.890	su
243	Spectrogram 1	6	61146.754807649	61216.747207046	96.9	220.3	69.992	175.8	144.5	0.6452	16:59:06.755	c
244	Spectrogram 1	6	61290.198533157	61336.792310663	57.3	202.6	46.594	171.9	93.8	0.7500	17:01:30.199	c
245	Spectrogram 1	6	61883.954723625	61939.907949887	74.9	255.5	55.953	175.8	148.4	0.5556	17:11:23.955	c
246	Spectrogram 1	6	61769.484146006	61817.095254898	0.0	462.6	47.611	0.0	0.0	0.0424	17:09:29.484	su
247	Spectrogram 1	6	62166.569382818	62210.111166164	0.0	444.9	43.542	0.0	0.0	0.0265	17:16:06.569	sd
248	Spectrogram 1	6	61948.656999812	61998.099305200	158.6	207.0	49.442	168.0	168.0	0.3333	17:12:28.657	c
249	Spectrogram 1	6	62226.795400904	62279.696633007	123.3	224.7	52.901	183.6	156.2	0.6000	17:17:06.795	c
250	Spectrogram 1	6	62494.451043771	62574.006358202	88.1	220.3	79.555	171.9	117.2	0.6364	17:21:34.451	c
251	Spectrogram 1	6	62747.156160199	62796.394999310	114.5	211.5	49.239	179.7	171.9	0.6667	17:25:47.156	c
252	Spectrogram 1	6	63523.439126535	63577.968088856	74.9	418.5	54.529	175.8	136.7	0.2989	17:38:43.439	su
253	Spectrogram 1	6	64094.902479465	64174.864726451	26.4	264.3	79.962	105.5	66.4	0.4333	17:48:14.902	c
254	Spectrogram 1	6	65249.127327430	65306.911750188	0.0	246.7	57.784	0.0	0.0	0.1111	18:07:29.127	c
255	Spectrogram 1	6	65450.689158501	65495.248273233	110.1	220.3	44.559	171.9	152.3	0.5556	18:10:50.689	c
256	Spectrogram 1	6	65699.927661454	65754.660090053	0.0	211.5	54.732	0.0	0.0	0.1481	18:14:59.928	sd
257	Spectrogram 1	6	65816.106905803	65866.159610023	92.5	207.0	50.053	175.8	125.0	0.7241	18:16:56.107	c
258	Spectrogram 1	6	66296.409850038	66348.700683308	0.0	198.2	52.291	0.0	0.0	0.2200	18:24:56.410	c
259	Spectrogram 1	6	66824.730835720	66875.800871326	0.0	198.2	51.070	0.0	0.0	0.1800	18:33:44.731	c
260	Spectrogram 1	6	67375.374887149	67458.243886775	0.0	361.2	82.869	171.9	0.0	0.3152	18:42:55.375	c
261	Spectrogram 1	6	70008.738497806	70062.046662463	0.0	202.6	53.308	0.0	0.0	0.2353	19:26:48.738	c
262	Spectrogram 1	6	69837.826824859	69889.100326743	0.0	229.1	51.274	0.0	0.0	0.2759	19:23:57.827	su
263	Spectrogram 1	6	70364.477505463	70423.075793331	0.0	378.9	58.598	0.0	0.0	0.2396	19:32:44.478	su
264	Spectrogram 1	6	70301.176951767	70352.043521096	110.1	202.6	50.867	175.8	128.9	0.7273	19:31:41.177	c
265	Spectrogram 1	6	71026.272369066	71055.571512999	0.0	568.3	29.299	0.0	0.0	0.2069	19:43:46.272	su
266	Spectrogram 1	6	70834.200203278	70883.439042389	0.0	237.9	49.239	0.0	0.0	0.3333	19:40:34.200	su
267	Spectrogram 1	6	70775.476707299	70826.953675460	0.0	475.8	51.477	0.0	0.0	0.1322	19:39:35.477	su
268	Spectrogram 1	6	71388.157939902	71464.050861341	0.0	409.7	75.893	46.9	0.0	0.1442	19:49:48.158	su
269	Spectrogram 1	6	71502.786462137	71553.856497743	0.0	202.6	51.070	171.9	0.0	0.6471	19:51:42.786	c
270	Spectrogram 1	6	71226.886190095	71263.306653734	79.3	229.1	36.420	175.8	117.2	0.6486	19:47:06.886	c
271	Spectrogram 1	6	71263.306653734	71306.441504526	0.0	471.4	43.135	156.2	0.0	0.3333	19:47:43.307	su
272	Spectrogram 1	6	71614.534970045	71665.198073097	0.0	467.0	50.663	109.4	3.9	0.2605	19:53:34.535	su
273	Spectrogram 1	6	71902.439752449	71943.539940467	0.0	515.4	41.100	156.2	3.9	0.2748	19:58:22.440	su
274	Spectrogram 1	6	71727.255287679	71770.593604748	30.8	467.0	43.338	46.9	46.9	0.1351	19:55:27.255	c
275	Spectrogram 1	6	72347.339564431	72399.630397702	0.0	480.2	52.291	0.0	43.0	0.3033	20:05:47.340	su
276	Spectrogram 1	6	72195.960654107	72262.494126790	0.0	220.3	66.533	0.0	0.0	0.6786	20:03:15.961	c
277	Spectrogram 1	6	72467.791600603	72519.675501319	22.0	295.2	51.884	46.9	46.9	0.1594	20:07:47.792	c
278	Spectrogram 1	6	72816.044930859	72873.015488508	0.0	493.4	56.971	0.0	0.0	0.1984	20:13:36.045	su
279	Spectrogram 1	6	72979.593614921	73034.122577242	30.8	590.3	54.529	66.4	66.4	0.1608	20:16:19.594	su
280	Spectrogram 1	6	72650.588644499	72700.234416164	22.0	317.2	49.646	46.9	46.9	0.1467	20:10:50.589	c
281	Spectrogram 1	6	73198.238926526	73256.837214393	17.6	392.1	58.598	46.9	46.9	0.1263	20:19:58.239	c
282	Spectrogram 1	6	73325.405349849	73381.358576112	0.0	396.5	55.953	0.0	0.0	0.3168	20:22:05.405	su
283	Spectrogram 1	6	73488.731170808	73577.907000000	0.0	198.2	89.176	171.9	0.0	0.5200	20:24:48.731	c
284	Spectrogram 1	6	73554.427441598	73600.003887717	0.0	489.0	45.576	62.5	0.0	0.2400	20:25:54.427	su
285	Spectrogram 1	6	73874.886828372	73934.502447626	0.0	444.9	59.616	0.0	0.0	0.3805	20:31:14.887	su
286	Spectrogram 1	6	73692.987976451	73741.412950452	22.0	405.3	48.425	46.9	46.9	0.1959	20:28:12.988	c
289	Spectrogram 1	6	74024.150139412	74100.856925961	0.0	176.2	76.707	171.9	0.0	0.2889	20:33:44.150	c
290	Spectrogram 1	6	74369.839344574	74436.372817257	0.0	572.7	66.533	0.0	3.9	0.2466	20:39:29.839	su
291	Spectrogram 1	6	74213.780709872	74270.344334966	0.0	506.6	56.564	113.3	0.0	0.2558	20:36:53.781	su
292	Spectrogram 1	6	74539.652749623	74580.956403919	22.0	237.9	41.304	58.6	58.6	0.3148	20:42:19.653	c
293	Spectrogram 1	6	74889.207814054	74954.317022796	35.2	555.1	65.109	121.1	109.4	0.2273	20:48:09.208	su
294	Spectrogram 1	6	75042.947383195	75102.156069894	0.0	207.0	59.209	0.0	0.0	0.2642	20:50:42.947	c
295	Spectrogram 1	6	75456.655675016	75521.907000000	0.0	568.3	65.251	121.1	3.9	0.2690	20:57:36.656	su
296	Spectrogram 1	6	75620.507207988	75671.373777317	0.0	295.2	50.867	0.0	0.0	0.2000	21:00:20.507	c
297	Spectrogram 1	6	75953.907500000	76012.912720422	0.0	546.3	59.005	0.0	3.9	0.2590	21:05:53.908	su
298	Spectrogram 1	6	76451.708544084	76518.648949322	0.0	414.1	66.940	0.0	0.0	0.3491	21:14:11.709	su
300	Spectrogram 1	6	76935.266948757	77000.579623775	0.0	541.9	65.313	0.0	0.0	0.2029	21:22:15.267	su
301	Spectrogram 1	6	77178.196300372	77272.808119324	0.0	392.1	94.612	0.0	0.0	0.0100	21:26:18.196	c
302	Spectrogram 1	6	77479.661770347	77522.796621138	0.0	462.6	43.135	0.0	0.0	0.1610	21:31:19.662	su
303	Spectrogram 1	6	77780.791860776	77836.338154484	0.0	471.4	55.546	0.0	0.0	0.1667	21:36:20.792	su
304	Spectrogram 1	6	77563.286410324	77612.932181989	0.0	215.9	49.646	0.0	0.0	0.0182	21:32:43.286	c
305	Spectrogram 1	6	77637.575385135	77685.389960305	0.0	207.0	47.815	50.8	0.0	0.2264	21:33:57.575	c
306	Spectrogram 1	6	77914.591734740	77964.237506405	0.0	352.4	49.646	0.0	0.0	0.0111	21:38:34.592	c
307	Spectrogram 1	6	78368.911273676	78425.271432493	0.0	458.1	56.360	0.0	0.0	0.2051	21:46:08.911	su
308	Spectrogram 1	6	78474.043060852	78529.385888282	0.0	392.1	55.343	0.0	0.0	0.1600	21:47:54.043	su
309	Spectrogram 1	6	78618.987425330	78679.416909693	22.0	392.1	60.429	50.8	50.8	0.3191	21:50:18.987	c
310	Spectrogram 1	6	78944.376157498	79012.537360399	0.0	255.5	68.161	0.0	0.0	0.2462	21:55:44.376	c
311	Spectrogram 1	6	79057.706873964	79121.188352487	0.0	572.7	63.481	0.0	0.0	0.1096	21:57:37.707	c
312	Spectrogram 1	6	79731.506247928	79786.035210249	0.0	449.3	54.529	0.0	0.0	0.0522	22:08:51.506	su
313	Spectrogram 1	6	80435.337694424	80488.442392803	0.0	471.4	53.105	74.2	0.0	0.1417	22:20:35.338	su
314	Spectrogram 1	6	80949.619506971	80999.672211191	0.0	123.3	50.053	3.9	0.0	0.0323	22:29:09.620	c
315	Spectrogram 1	6	81568.076053504	81628.302071590	0.0	506.6	60.226	0.0	0.0	0.0698	22:39:28.076	su
316	Spectrogram 1	6	81690.969685004	81744.277849661	0.0	277.5	53.308	0.0	0.0	0.1408	22:41:30.970	su
317	Spectrogram 1	6	81740.411990392	81784.157240015	30.8	185.0	43.745	62.5	58.6	0.3590	22:42:20.412	c
318	Spectrogram 1	6	82033.073944039	82076.615727385	0.0	224.7	43.542	0.0	0.0	0.0175	22:47:13.074	su
319	Spectrogram 1	6	82733.979415787	82787.897979277	0.0	251.1	53.919	0.0	0.0	0.0312	22:58:53.979	su
320	Spectrogram 1	6	83669.355485870	83723.274049359	0.0	202.6	53.919	0.0	0.0	0.0196	23:14:29.355	su
321	Spectrogram 1	6	83517.366176714	83568.639678598	0.0	193.8	51.274	0.0	0.0	0.0204	23:11:57.366	c
322	Spectrogram 1	6	84047.111426338	84110.999837415	0.0	317.2	63.888	0.0	0.0	0.0123	23:20:47.111	sd
323	Spectrogram 1	6	84345.922451206	84400.044480972	0.0	202.6	54.122	0.0	0.0	0.0196	23:25:45.922	c
324	Spectrogram 1	6	84693.014636966	84750.392127169	0.0	237.9	57.377	0.0	0.0	0.0167	23:31:33.015	sd
325	Spectrogram 1	6	85112.095515072	85166.217544838	0.0	471.4	54.122	0.0	0.0	0.1500	23:38:32.096	su
326	Spectrogram 1	6	84914.621792895	84971.592350544	0.0	224.7	56.971	0.0	0.0	0.0877	23:35:14.622	su
327	Spectrogram 1	6	85565.337444424	85624.139198568	0.0	427.3	58.802	0.0	0.0	0.1193	23:46:05.337	su
328	Spectrogram 1	6	85434.346478583	85492.537833896	0.0	246.7	58.191	0.0	0.0	0.0952	23:43:54.346	su
329	Spectrogram 1	6	85677.569892992	85731.081523926	0.0	299.6	53.512	0.0	0.0	0.0921	23:47:57.570	sd
330	Spectrogram 1	6	85929.486811039	85985.440037301	0.0	259.9	55.953	0.0	0.0	0.2576	23:52:09.487	su
331	Spectrogram 1	6	86161.943955539	86207.316935381	44.1	224.7	45.373	132.8	78.1	0.5556	23:56:01.944	c
