Selection	View	Channel	Begin Time (s)	End Time (s)	Low Freq (Hz)	High Freq (Hz)	Delta Time (s)	Peak Freq (Hz)	Q1 Freq (Hz)	Q3 Freq Rel.	Begin Clock Time	calltype
1	Spectrogram 1	6	137.113331387	172.923396194	0.0	185.0	35.810	0.0	0.0	0.0213	0:02:17.113	c
2	Spectrogram 1	6	182.079378674	250.647514130	0.0	220.3	68.568	0.0	0.0	0.0179	0:03:02.079	c
3	Spectrogram 1	6	335.086019216	396.736301243	0.0	585.9	61.650	0.0	0.0	0.0067	0:05:35.086	su
4	Spectrogram 1	6	294.189297476	344.648934250	0.0	220.3	50.460	0.0	0.0	0.0179	0:04:54.189	c
5	Spectrogram 1	6	434.784495102	491.958519028	0.0	378.9	57.174	0.0	0.0	0.0104	0:07:14.784	su
6	Spectrogram 1	6	514.746742087	565.613311417	0.0	202.6	50.867	0.0	0.0	0.0196	0:08:34.747	c
7	Spectrogram 1	6	744.379232668	794.838869442	0.0	193.8	50.460	3.9	0.0	0.0204	0:12:24.379	c
9	Spectrogram 1	6	1092.306566880	1151.311787302	0.0	682.8	59.005	3.9	0.0	0.0057	0:18:12.307	su
10	Spectrogram 1	6	789.345279955	843.467309721	0.0	242.3	54.122	0.0	0.0	0.0161	0:13:09.345	c
11	Spectrogram 1	6	1157.741771665	1227.734171063	0.0	189.4	69.992	0.0	0.0	0.0208	0:19:17.742	su
12	Spectrogram 1	6	1390.100260362	1445.850020347	0.0	233.5	55.750	0.0	0.0	0.0169	0:23:10.100	c
13	Spectrogram 1	6	1529.678126601	1581.562027317	0.0	290.7	51.884	0.0	0.0	0.0135	0:25:29.678	c
14	Spectrogram 1	6	1715.361901281	1774.774054258	0.0	603.5	59.412	0.0	0.0	0.0065	0:28:35.362	su
15	Spectrogram 1	6	2018.323188206	2074.886813301	0.0	211.5	56.564	0.0	0.0	0.0185	0:33:38.323	sd
16	Spectrogram 1	6	1878.338389412	1928.594559910	0.0	299.6	50.256	0.0	0.0	0.0132	0:31:18.338	sd
17	Spectrogram 1	6	2327.100931488	2387.123483297	0.0	599.1	60.023	0.0	0.0	0.0065	0:38:47.101	su
18	Spectrogram 1	6	2568.944527882	2614.927906556	0.0	242.3	45.983	7.8	0.0	0.0161	0:42:48.945	sd
19	Spectrogram 1	6	2881.468729842	2944.746742087	0.0	497.8	63.278	0.0	0.0	0.0079	0:48:01.469	c
20	Spectrogram 1	6	3044.852150528	3102.026174454	0.0	581.5	57.174	0.0	0.0	0.0068	0:50:44.852	su
21	Spectrogram 1	6	3119.239871515	3165.833649020	0.0	295.2	46.594	0.0	0.0	0.0133	0:51:59.240	c
22	Spectrogram 1	6	3227.483931047	3266.752922570	0.0	242.3	39.269	3.9	0.0	0.0161	0:53:47.484	c
23	Spectrogram 1	6	3355.464219480	3404.499592313	0.0	356.8	49.035	0.0	0.0	0.0110	0:55:55.464	c
24	Spectrogram 1	6	3553.717381692	3592.095500000	0.0	193.8	38.378	3.9	0.0	0.0204	0:59:13.717	c
25	Spectrogram 1	6	3626.400364356	3701.886353240	0.0	198.2	75.486	0.0	0.0	0.0200	1:00:26.400	c
26	Spectrogram 1	6	3824.169585908	3875.239621515	0.0	440.5	51.070	3.9	0.0	0.0089	1:03:44.170	c
27	Spectrogram 1	6	3960.288525433	4021.938807460	30.8	211.5	61.650	89.8	66.4	0.5435	1:06:00.289	c
28	Spectrogram 1	6	3759.713350858	3810.783386464	0.0	458.1	51.070	0.0	0.0	0.0085	1:02:39.713	su
29	Spectrogram 1	6	4044.973071656	4096.936927280	0.0	295.2	51.964	3.9	0.0	0.0133	1:07:24.973	c
30	Spectrogram 1	6	4326.853820648	4396.439287491	0.0	242.3	69.585	0.0	0.0	0.0161	1:12:06.854	sd
31	Spectrogram 1	6	4418.413645441	4480.063927468	0.0	550.7	61.650	0.0	0.0	0.0071	1:13:38.414	su
32	Spectrogram 1	6	4269.725496733	4317.133139348	0.0	233.5	47.408	0.0	0.0	0.0169	1:11:09.725	c
33	Spectrogram 1	6	4212.348006529	4256.703654984	132.2	242.3	44.356	164.1	148.4	0.5357	1:10:12.348	c
34	Spectrogram 1	6	4901.565117558	4973.388713451	0.0	493.4	71.824	0.0	0.0	0.0079	1:21:41.565	sd
35	Spectrogram 1	6	4801.663175396	4848.460419179	0.0	198.2	46.797	0.0	0.0	0.0200	1:20:01.663	c
36	Spectrogram 1	6	5115.327238508	5174.128992653	70.5	590.3	58.802	97.7	101.6	0.5379	1:25:15.327	su
37	Spectrogram 1	6	5191.627092502	5235.779274680	13.2	237.9	44.152	164.1	23.4	0.6071	1:26:31.627	c
38	Spectrogram 1	6	5371.287815373	5416.457328937	0.0	202.6	45.170	0.0	0.0	0.0196	1:29:31.288	c
39	Spectrogram 1	6	5849.149164280	5914.258373022	30.8	563.9	65.109	85.9	85.9	0.3235	1:37:29.149	sd
40	Spectrogram 1	6	5692.491397511	5753.734746983	0.0	550.7	61.243	3.9	0.0	0.0071	1:34:52.491	su
41	Spectrogram 1	6	6269.022624152	6328.231310852	0.0	497.8	59.209	0.0	0.0	0.0079	1:44:29.023	su
42	Spectrogram 1	6	6842.309657121	6911.284725132	0.0	484.6	68.975	0.0	0.0	0.0081	1:54:02.310	su
43	Spectrogram 1	6	7070.721350038	7127.895373964	0.0	110.1	57.174	0.0	0.0	0.0357	1:57:50.721	c
44	Spectrogram 1	6	7914.618531839	7951.852860588	0.0	511.0	37.234	0.0	0.0	0.0077	2:11:54.619	su
45	Spectrogram 1	6	7787.045175961	7837.911745290	0.0	436.1	50.867	0.0	0.0	0.0090	2:09:47.045	su
46	Spectrogram 1	6	8542.150124341	8604.207338922	17.6	497.8	62.057	39.1	43.0	0.3115	2:22:22.150	su
47	Spectrogram 1	6	9346.371382065	9409.038995479	0.0	246.7	62.668	0.0	0.0	0.0159	2:35:46.371	su
48	Spectrogram 1	6	10250.413645441	10315.522854182	0.0	489.0	65.109	168.0	0.0	0.0080	2:50:50.414	sd
49	Spectrogram 1	6	10754.522144122	10799.284725132	0.0	198.2	44.763	0.0	0.0	0.0200	2:59:14.522	c
50	Spectrogram 1	6	10780.362361341	10830.618531839	0.0	317.2	50.256	0.0	0.0	0.0123	2:59:40.362	c
51	Spectrogram 1	6	10939.188587415	10991.479420686	0.0	193.8	52.291	0.0	0.0	0.0204	3:02:19.189	c
52	Spectrogram 1	6	11463.033314996	11514.306816880	123.3	193.8	51.274	164.1	148.4	0.7059	3:11:03.033	c
53	Spectrogram 1	6	11645.746032027	11669.755052751	26.4	418.5	24.009	171.9	136.7	0.4500	3:14:05.746	c
54	Spectrogram 1	6	11581.968429224	11616.964628922	8.8	458.1	34.996	43.0	62.5	0.6316	3:13:01.968	c
55	Spectrogram 1	6	11745.962248741	11764.274213700	35.2	656.4	18.312	199.2	168.0	0.4937	3:15:45.962	c
56	Spectrogram 1	6	11720.122031522	11741.485990640	22.0	414.1	21.364	31.2	97.7	0.5700	3:15:20.122	c
57	Spectrogram 1	6	11815.751181861	11846.271123459	0.0	475.8	30.520	0.0	0.0	0.0992	3:16:55.751	sd
58	Spectrogram 1	6	12160.841709683	12195.024044273	30.8	524.2	34.182	164.1	144.5	0.5000	3:22:40.842	sd
59	Spectrogram 1	6	11850.250683308	11900.303387528	114.5	211.5	50.053	117.2	144.5	0.6667	3:17:30.251	c
60	Spectrogram 1	6	11883.212220234	11903.762314243	4.4	352.4	20.550	85.9	93.8	0.5682	3:18:03.212	c
61	Spectrogram 1	6	12036.218860776	12062.059077995	0.0	405.3	25.840	0.0	0.0	0.0485	3:20:36.219	su
62	Spectrogram 1	6	12068.366532592	12087.695828937	39.6	528.6	19.329	70.3	136.7	0.4435	3:21:08.367	su
63	Spectrogram 1	6	11951.780355690	12001.019194800	0.0	193.8	49.239	0.0	0.0	0.0204	3:19:11.780	sd
64	Spectrogram 1	6	12090.544356820	12114.960310098	57.3	599.1	24.416	156.2	152.3	0.4348	3:21:30.544	su
65	Spectrogram 1	6	12622.120802939	12674.208169932	48.5	400.9	52.087	152.3	93.8	0.4157	3:30:22.121	c
66	Spectrogram 1	6	12291.284636021	12319.769914846	22.0	511.0	28.485	97.7	101.6	0.3629	3:24:51.285	sd
67	Spectrogram 1	6	12450.191798606	12480.304807649	22.0	674.0	30.113	156.2	109.4	0.2892	3:27:30.192	su
68	Spectrogram 1	6	12261.171626978	12287.418776752	26.4	489.0	26.247	168.0	105.5	0.4068	3:24:21.172	sd
69	Spectrogram 1	6	12542.768954785	12564.336380181	8.8	480.2	21.567	43.0	101.6	0.5042	3:29:02.769	sd
70	Spectrogram 1	6	12909.944648832	12937.819528824	13.2	422.9	27.875	171.9	82.0	0.5673	3:35:09.945	sd
71	Spectrogram 1	6	12673.720300867	12697.932787867	35.2	559.5	24.212	97.7	89.8	0.4511	3:31:13.720	c
72	Spectrogram 1	6	12700.577849472	12723.366072532	39.6	533.0	22.788	97.7	93.8	0.4800	3:31:40.578	c
73	Spectrogram 1	6	12730.080459683	12742.695368877	35.2	555.1	12.615	164.1	93.8	0.3636	3:32:10.080	c
74	Spectrogram 1	6	12762.635064054	12782.981691786	30.8	511.0	20.347	195.3	97.7	0.5574	3:32:42.635	c
75	Spectrogram 1	6	12798.038196307	12817.977891485	35.2	418.5	19.940	85.9	85.9	0.4227	3:33:18.038	c
76	Spectrogram 1	6	12823.268014695	12847.277035418	39.6	427.3	24.009	97.7	85.9	0.3163	3:33:43.268	c
77	Spectrogram 1	6	12855.822619066	12864.775135268	13.2	387.7	8.953	85.9	85.9	0.4842	3:34:15.823	c
78	Spectrogram 1	6	12871.896454974	12877.796977016	70.5	467.0	5.901	82.0	109.4	0.4800	3:34:31.896	c
79	Spectrogram 1	6	12881.866302562	12896.108941974	30.8	414.1	14.243	199.2	85.9	0.5612	3:34:41.866	c
80	Spectrogram 1	6	12947.178977581	12958.573089111	52.9	550.7	11.394	164.1	97.7	0.5238	3:35:47.179	c
81	Spectrogram 1	6	12960.200819329	12974.239992464	48.5	550.7	14.039	85.9	85.9	0.4173	3:36:00.201	c
82	Spectrogram 1	6	12977.291986624	12984.413306330	39.6	533.0	7.121	85.9	85.9	0.4480	3:36:17.292	
83	Spectrogram 1	6	12989.906895818	12996.824749246	70.5	515.4	6.918	97.7	105.5	0.5446	3:36:29.907	c
84	Spectrogram 1	6	13001.911406179	13008.422327054	57.3	550.7	6.511	195.3	97.7	0.5120	3:36:41.911	c
85	Spectrogram 1	6	13014.526315373	13022.868432743	70.5	550.7	8.342	85.9	97.7	0.3967	3:36:54.526	
86	Spectrogram 1	6	13028.972421063	13045.453189525	52.9	502.2	16.481	97.7	85.9	0.3333	3:37:08.972	c
87	Spectrogram 1	6	13050.336380181	13060.306227769	17.6	308.4	9.970	54.7	54.7	0.5068	3:37:30.336	c
88	Spectrogram 1	6	13063.154755652	13074.345400904	30.8	502.2	11.191	97.7	85.9	0.4833	3:37:43.155	c
89	Spectrogram 1	6	13084.722181047	13092.250433308	30.8	374.4	7.528	54.7	82.0	0.5057	3:38:04.722	c
90	Spectrogram 1	6	13097.540556518	13106.696538998	26.4	418.5	9.156	97.7	93.8	0.5800	3:38:17.541	c
91	Spectrogram 1	6	13111.986662208	13127.043166729	61.7	418.5	15.057	97.7	97.7	0.4835	3:38:31.987	c
92	Spectrogram 1	6	13131.112492276	13139.047677091	17.6	444.9	7.935	168.0	82.0	0.3889	3:38:51.112	c
93	Spectrogram 1	6	13143.727401469	13154.714580445	61.7	577.1	10.987	152.3	97.7	0.4733	3:39:03.727	c
94	Spectrogram 1	6	13540.609172005	13568.890984552	13.2	405.3	28.282	54.7	58.6	0.5758	3:45:40.609	su
95	Spectrogram 1	6	13445.590420497	13466.750913338	30.8	572.7	21.160	62.5	70.3	0.3623	3:44:05.590	su
96	Spectrogram 1	6	13653.248553127	13687.837820271	105.7	193.8	34.589	148.4	136.7	0.6667	3:47:33.249	c
97	Spectrogram 1	6	14510.167576677	14558.796016956	57.3	207.0	48.628	62.5	62.5	0.6316	4:01:50.168	sd
98	Spectrogram 1	6	14431.629593632	14457.673277129	39.6	471.4	26.044	62.5	62.5	0.2844	4:00:31.630	su
99	Spectrogram 1	6	14466.422327054	14489.617482668	39.6	480.2	23.195	62.5	62.5	0.2883	4:01:06.422	su
100	Spectrogram 1	6	14640.284214205	14660.834308214	39.6	365.6	20.550	62.5	66.4	0.4268	4:04:00.284	sd
101	Spectrogram 1	6	14837.565566692	14855.063666541	30.8	370.0	17.498	62.5	70.3	0.5116	4:07:17.566	c
102	Spectrogram 1	6	15011.081609648	15036.311428035	118.9	480.2	25.230	183.6	187.5	0.6264	4:10:11.082	c
103	Spectrogram 1	6	14983.206729655	14998.670166731	0.0	489.0	15.463	0.0	3.9	0.5360	4:09:43.207	c
104	Spectrogram 1	6	15627.137252449	15647.687346458	44.1	427.3	20.550	195.3	148.4	0.5464	4:20:27.137	sd
105	Spectrogram 1	6	15317.868510927	15364.055355878	105.7	202.6	46.187	175.8	144.5	0.8261	4:15:17.869	c
106	Spectrogram 1	6	15924.320547099	15971.321257159	39.6	229.1	47.001	171.9	101.6	0.7021	4:25:24.321	su
107	Spectrogram 1	6	16619.280413904	16667.094989073	8.8	207.0	47.815	168.0	93.8	0.8200	4:36:59.280	su
108	Spectrogram 1	6	16548.881081952	16579.604489827	0.0	312.8	30.723	0.0	0.0	0.0125	4:35:48.881	c
109	Spectrogram 1	6	16464.877684316	16508.216001384	22.0	198.2	43.338	43.0	78.1	0.8636	4:34:24.878	c
110	Spectrogram 1	6	16690.318319583	16758.370411078	0.0	224.7	68.052	0.0	0.0	0.0175	4:38:10.318	sd
111	Spectrogram 1	6	17426.262379619	17492.388919747	0.0	224.7	66.127	0.0	0.0	0.0175	4:50:26.262	sd
112	Spectrogram 1	6	17712.668844951	17771.470599096	0.0	370.0	58.802	0.0	0.0	0.0106	4:55:12.669	su
113	Spectrogram 1	6	17790.596429164	17849.398183308	123.3	207.0	58.802	168.0	148.4	0.6190	4:56:30.596	c
114	Spectrogram 1	6	18276.759828875	18336.171981852	0.0	467.0	59.412	0.0	0.0	0.0084	5:04:36.760	su
115	Spectrogram 1	6	18407.385178913	18459.472545906	0.0	215.9	52.087	0.0	0.0	0.0182	5:06:47.385	c
116	Spectrogram 1	6	18465.780000503	18514.204974505	74.9	215.9	48.425	168.0	132.8	0.6857	5:07:45.780	c
117	Spectrogram 1	6	19080.410754333	19134.329317822	101.3	215.9	53.919	171.9	148.4	0.6552	5:18:00.411	c
118	Spectrogram 1	6	20059.328607762	20117.316496797	105.7	233.5	57.988	113.3	113.3	0.4516	5:34:19.329	c
119	Spectrogram 1	6	20507.076947626	20526.406243971	74.9	361.2	19.329	105.5	117.2	0.6806	5:41:47.077	c
120	Spectrogram 1	6	20658.985320271	20704.968698945	154.2	207.0	45.983	156.2	164.1	0.5385	5:44:18.985	c
121	Spectrogram 1	6	20712.090018651	20758.887262434	105.7	189.4	46.797	117.2	121.1	0.7000	5:45:12.090	c
122	Spectrogram 1	6	21409.898413338	21453.440196684	118.9	193.8	43.542	156.2	136.7	0.6667	5:56:49.898	c
123	Spectrogram 1	6	21278.255731914	21335.836688395	132.2	224.7	57.581	175.8	152.3	0.6087	5:54:38.256	c
124	Spectrogram 1	6	28162.828377732	28207.387492464	110.1	436.1	44.559	156.2	132.8	0.4390	7:49:22.828	c
125	Spectrogram 1	6	28899.417894876	28971.648423323	101.3	207.0	72.231	101.6	109.4	0.4444	8:01:39.418	c
126	Spectrogram 1	6	29067.948697499	29133.057906240	22.0	515.4	65.109	160.2	89.8	0.2960	8:04:27.949	sd
127	Spectrogram 1	6	29590.352886084	29653.834364607	66.1	453.7	63.481	121.1	101.6	0.5051	8:13:10.353	c
128	Spectrogram 1	6	29833.369701017	29908.855689902	88.1	480.2	75.486	168.0	113.3	0.3838	8:17:13.370	sd
129	Spectrogram 1	6	29992.683796157	30058.606870008	101.3	198.2	65.923	164.1	117.2	0.7500	8:19:52.684	c
130	Spectrogram 1	6	30540.851193982	30607.791599220	35.2	484.6	66.940	93.8	93.8	0.2895	8:29:00.851	sd
131	Spectrogram 1	6	30453.157228459	30506.261926838	88.1	202.6	53.105	164.1	105.5	0.6786	8:27:33.157	sd
132	Spectrogram 1	6	31087.984360211	31142.513322532	105.7	220.3	54.529	168.0	128.9	0.6071	8:38:07.984	c
133	Spectrogram 1	6	31173.847129239	31228.986490392	114.5	251.1	55.139	156.2	132.8	0.5588	8:39:33.847	c
134	Spectrogram 1	6	30958.172875283	30994.796805200	92.5	207.0	36.624	117.2	105.5	0.5172	8:35:58.173	c
135	Spectrogram 1	6	31467.164564619	31530.646043142	13.2	484.6	63.481	109.4	46.9	0.4667	8:44:27.165	sd
136	Spectrogram 1	6	32230.993074545	32320.340258666	0.0	475.8	89.347	0.0	0.0	0.0083	8:57:10.993	sd
137	Spectrogram 1	6	32336.617560852	32391.553455727	0.0	396.5	54.936	0.0	0.0	0.0099	8:58:56.618	su
138	Spectrogram 1	6	32591.153873775	32652.600689525	0.0	370.0	61.447	0.0	0.0	0.0106	9:03:11.154	su
139	Spectrogram 1	6	32882.233180106	32944.086928410	0.0	471.4	61.854	0.0	0.0	0.0083	9:08:02.233	su
140	Spectrogram 1	6	33137.379891861	33193.129651846	0.0	524.2	55.750	0.0	0.0	0.0075	9:12:17.380	c
141	Spectrogram 1	6	32986.301489202	33029.843272548	44.1	242.3	43.542	97.7	85.9	0.4600	9:09:46.301	sd
142	Spectrogram 1	6	33415.437356443	33463.658864167	4.4	268.7	48.222	19.5	19.5	0.4091	9:16:55.437	c
143	Spectrogram 1	6	33956.373251319	34011.919545026	0.0	185.0	55.546	0.0	0.0	0.0213	9:25:56.373	c
144	Spectrogram 1	6	34558.552495667	34650.112320460	0.0	185.0	91.560	3.9	0.0	0.0213	9:35:58.552	sd
145	Spectrogram 1	6	34769.262622457	34807.717748870	0.0	211.5	38.455	0.0	0.0	0.0185	9:39:29.263	sd
146	Spectrogram 1	6	35525.465838734	35569.414554635	0.0	273.1	43.949	0.0	0.0	0.0145	9:52:05.466	c
147	Spectrogram 1	6	36086.951827619	36173.831928033	0.0	207.0	86.880	3.9	0.0	0.0189	10:01:26.952	sd
148	Spectrogram 1	6	36292.982230030	36350.156253956	0.0	356.8	57.174	0.0	0.0	0.0110	10:04:52.982	c
149	Spectrogram 1	6	36861.851221735	36914.345521283	0.0	202.6	52.494	3.9	0.0	0.0196	10:14:21.851	c
150	Spectrogram 1	6	37064.503633943	37103.772625465	0.0	207.0	39.269	3.9	0.0	0.0189	10:17:44.504	c
151	Spectrogram 1	6	37453.798935381	37504.462038433	0.0	198.2	50.663	3.9	0.0	0.0200	10:24:13.799	c
152	Spectrogram 1	6	37146.276247299	37205.484933999	79.3	202.6	59.209	85.9	97.7	0.6667	10:19:06.276	c
153	Spectrogram 1	6	37366.141903350	37424.943657494	83.7	207.0	58.802	85.9	101.6	0.6774	10:22:46.142	c
154	Spectrogram 1	6	37565.885062671	37637.912124841	61.7	189.4	72.027	156.2	101.6	0.8438	10:26:05.885	c
155	Spectrogram 1	6	37758.307016014	37806.731990015	52.9	211.5	48.425	168.0	89.8	0.6000	10:29:18.307	c
156	Spectrogram 1	6	37868.585738320	37916.807246044	74.9	176.2	48.222	160.2	105.5	0.8400	10:31:08.586	c
157	Spectrogram 1	6	38037.462748493	38086.091188772	0.0	202.6	48.628	0.0	0.0	0.0196	10:33:57.463	c
158	Spectrogram 1	6	38298.429045780	38338.308436134	0.0	198.2	39.879	3.9	0.0	0.0200	10:38:18.429	c
159	Spectrogram 1	6	38699.583608139	38751.264042577	0.0	246.7	51.680	3.9	0.0	0.6984	10:44:59.584	c
160	Spectrogram 1	6	39102.772833271	39165.236980407	0.0	207.0	62.464	168.0	0.0	0.5472	10:51:42.773	sd
161	Spectrogram 1	6	39251.099749435	39302.169785041	0.0	418.5	51.070	3.9	0.0	0.0187	10:54:11.100	c
162	Spectrogram 1	6	39747.273063301	39795.901503580	0.0	458.1	48.628	58.6	3.9	0.1368	11:02:27.273	c
163	Spectrogram 1	6	39871.184026187	39918.795135079	0.0	167.4	47.611	3.9	0.0	0.3571	11:04:31.184	sd
164	Spectrogram 1	6	40271.180399024	40323.064299740	0.0	180.6	51.884	0.0	0.0	0.6304	11:11:11.180	su
165	Spectrogram 1	6	40218.889565753	40259.175888662	114.5	207.0	40.286	175.8	156.2	0.5652	11:10:18.890	c
166	Spectrogram 1	6	40945.120631123	40997.818396948	0.0	524.2	52.698	164.1	0.0	0.0149	11:22:25.121	c
167	Spectrogram 1	6	40810.425955539	40857.223199322	0.0	189.4	46.797	3.9	0.0	0.0208	11:20:10.426	c
168	Spectrogram 1	6	40623.643912962	40680.817936888	0.0	374.4	57.174	164.1	0.0	0.0211	11:17:03.644	su
169	Spectrogram 1	6	41043.517372833	41099.470599096	0.0	211.5	55.953	7.8	0.0	0.0370	11:24:03.517	c
170	Spectrogram 1	6	41225.242183434	41287.706330571	0.0	237.9	62.464	3.9	0.0	0.0167	11:27:05.242	su
171	Spectrogram 1	6	41851.161244912	41910.369931611	0.0	475.8	59.209	0.0	0.0	0.0083	11:37:31.161	su
172	Spectrogram 1	6	41749.711709811	41807.292666291	57.3	242.3	57.581	171.9	97.7	0.6170	11:35:49.712	c
173	Spectrogram 1	6	42383.180935946	42434.047505275	0.0	449.3	50.867	0.0	0.0	0.0087	11:46:23.181	c
174	Spectrogram 1	6	42161.606159947	42201.282084024	101.3	211.5	39.676	125.0	113.3	0.5357	11:42:41.606	c
175	Spectrogram 1	6	43315.301545592	43355.384402223	74.9	220.3	40.083	164.1	101.6	0.6389	12:01:55.302	c
176	Spectrogram 1	6	43179.225805956	43261.833114547	0.0	215.9	82.607	0.0	0.0	0.0182	11:59:39.226	c
177	Spectrogram 1	6	44562.103549736	44622.939966654	26.4	277.5	60.836	168.0	78.1	0.5625	12:22:42.104	su
178	Spectrogram 1	6	45287.990290693	45345.367780897	0.0	541.9	57.377	0.0	0.0	0.0072	12:34:47.990	su
179	Spectrogram 1	6	45103.649843444	45143.936166353	39.6	378.9	40.286	152.3	93.8	0.4118	12:31:43.650	c
180	Spectrogram 1	6	48438.709438206	48489.372541258	123.3	198.2	50.663	125.0	136.7	0.6667	13:27:18.709	c
181	Spectrogram 1	6	49473.049002262	49544.465665600	114.5	343.6	71.417	168.0	156.2	0.3158	13:44:33.049	c
182	Spectrogram 1	6	49855.609250188	49930.891772796	127.8	211.5	75.283	128.9	144.5	0.6190	13:50:55.609	c
183	Spectrogram 1	6	49938.420025057	49979.927145629	57.3	409.7	41.507	140.6	125.0	0.4270	13:52:18.420	c
184	Spectrogram 1	6	50244.375081384	50304.171455162	123.3	189.4	59.796	171.9	136.7	0.6875	13:57:24.375	c
185	Spectrogram 1	6	50626.665504710	50687.094989073	79.3	400.9	60.429	93.8	121.1	0.3333	14:03:46.666	su
186	Spectrogram 1	6	50464.445915038	50530.368988889	66.1	471.4	65.923	168.0	136.7	0.6214	14:01:04.446	c
189	Spectrogram 1	6	50734.421695177	50781.422405237	105.7	202.6	47.001	175.8	144.5	0.7826	14:05:34.422	c
190	Spectrogram 1	6	50959.549306080	50995.562837165	79.3	189.4	36.014	85.9	101.6	0.8148	14:09:19.549	c
191	Spectrogram 1	6	51320.730569895	51391.333368124	48.5	497.8	70.603	168.0	136.7	0.6491	14:15:20.731	su
192	Spectrogram 1	6	51973.572917295	52035.426665599	70.5	537.4	61.854	160.2	140.6	0.4576	14:26:13.573	su
193	Spectrogram 1	6	52381.589616493	52463.993458806	66.1	484.6	82.404	156.2	132.8	0.3271	14:33:01.590	c
194	Spectrogram 1	6	52695.309396194	52754.721549171	74.9	427.3	59.412	168.0	125.0	0.5955	14:38:15.309	su
195	Spectrogram 1	6	53059.717498870	53098.172625283	83.7	211.5	38.455	89.8	105.5	0.5938	14:44:19.717	c
196	Spectrogram 1	6	53235.227959683	53285.280663904	96.9	220.3	50.053	152.3	117.2	0.5806	14:47:15.228	c
197	Spectrogram 1	6	53287.925725509	53354.662664469	17.6	515.4	66.737	43.0	43.0	0.3254	14:48:07.926	c
198	Spectrogram 1	6	53414.863015952	53466.136517836	66.1	392.1	51.274	168.0	117.2	0.5181	14:50:14.863	su
199	Spectrogram 1	6	53681.755501884	53727.128481726	17.6	193.8	45.373	31.2	43.0	0.7955	14:54:41.756	c
200	Spectrogram 1	6	53729.366610776	53771.280663904	13.2	176.2	41.914	136.7	78.1	0.8780	14:55:29.367	c
201	Spectrogram 1	6	54057.761182366	54129.991710814	35.2	519.8	72.231	144.5	113.3	0.2520	15:00:57.761	su
202	Spectrogram 1	6	54693.838358515	54761.185696307	35.2	414.1	67.347	43.0	58.6	0.3750	15:11:33.838	su
203	Spectrogram 1	6	55157.050135456	55226.839068576	22.0	268.7	69.789	160.2	82.0	0.5968	15:19:17.050	c
204	Spectrogram 1	6	55336.635108455	55397.471525373	13.2	480.2	60.836	35.2	31.2	0.3983	15:22:16.635	su
205	Spectrogram 1	6	55513.243837166	55591.781820211	88.1	202.6	78.538	160.2	121.1	0.7143	15:25:13.244	c
206	Spectrogram 1	6	56005.830507913	56067.073857385	48.5	237.9	61.243	62.5	82.0	0.5957	15:33:25.831	su
207	Spectrogram 1	6	56579.647003203	56681.787074416	35.2	383.3	102.140	43.0	66.4	0.5455	15:42:59.647	su
208	Spectrogram 1	6	57290.977455352	57357.103995480	39.6	378.9	66.127	43.0	58.6	0.3765	15:54:50.977	su
209	Spectrogram 1	6	57957.155293896	58016.974379427	39.6	480.2	59.819	43.0	43.0	0.1532	16:05:57.155	su
210	Spectrogram 1	6	57889.197557272	57930.501211567	4.4	189.4	41.304	7.8	15.6	0.4783	16:04:49.198	c
211	Spectrogram 1	6	58277.330277882	58360.547985305	22.0	180.6	83.218	171.9	58.6	0.8750	16:11:17.330	c
212	Spectrogram 1	6	58453.125141485	58492.801065561	39.6	189.4	39.676	43.0	66.4	0.5676	16:14:13.125	c
213	Spectrogram 1	6	58076.712528448	58126.968698945	35.2	224.7	50.256	43.0	54.7	0.5957	16:07:56.713	c
214	Spectrogram 1	6	58584.076487566	58649.999561417	44.1	475.8	65.923	70.3	70.3	0.3670	16:16:24.076	su
215	Spectrogram 1	6	58899.245751130	58940.956337980	0.0	215.9	41.711	0.0	0.0	0.3273	16:21:39.246	c
216	Spectrogram 1	6	58972.556844137	59046.881331952	0.0	242.3	74.324	0.0	0.0	0.2581	16:22:52.557	c
217	Spectrogram 1	6	59351.673815373	59445.268302939	0.0	180.6	93.594	0.0	0.0	0.2609	16:29:11.674	c
218	Spectrogram 1	6	59443.767656049	59508.876864790	0.0	568.3	65.109	3.9	0.0	0.2552	16:30:43.768	su
219	Spectrogram 1	6	59189.638275679	59252.102422816	0.0	599.1	62.464	0.0	0.0	0.1699	16:26:29.638	su
220	Spectrogram 1	6	59775.413134514	59840.318876978	0.0	696.0	64.906	58.6	54.7	0.3090	16:36:15.413	su
221	Spectrogram 1	6	59733.499081387	59774.802735682	0.0	176.2	41.304	0.0	3.9	0.5778	16:35:33.499	c
222	Spectrogram 1	6	60095.384652223	60161.307726074	0.0	533.0	65.923	168.0	3.9	0.3529	16:41:35.385	c
223	Spectrogram 1	6	60296.409334213	60368.232930106	0.0	220.3	71.824	121.1	66.4	0.5536	16:44:56.409	sd
224	Spectrogram 1	6	60432.150766140	60494.911484363	0.0	797.4	62.761	0.0	93.8	0.4118	16:47:12.151	su
225	Spectrogram 1	6	60758.196847212	60833.275903542	0.0	515.4	75.079	121.1	89.8	0.2748	16:52:38.197	sd
226	Spectrogram 1	6	60925.117452778	60991.084798229	0.0	255.5	65.967	121.1	74.2	0.4769	16:55:25.117	c
227	Spectrogram 1	6	60988.236270347	61051.514282592	0.0	726.9	63.278	0.0	70.3	0.3226	16:56:28.236	su
228	Spectrogram 1	6	61458.976299548	61528.154833836	0.0	207.0	69.179	0.0	3.9	0.5849	17:04:18.976	sd
229	Spectrogram 1	6	61609.995856442	61695.248226638	0.0	656.4	85.252	0.0	3.9	0.2619	17:06:49.996	su
230	Spectrogram 1	6	61800.643758289	61883.454533157	0.0	281.9	82.811	0.0	0.0	0.4167	17:10:00.644	c
231	Spectrogram 1	6	62232.677615674	62299.007622080	0.0	779.7	66.330	0.0	0.0	0.0050	17:17:12.678	su
232	Spectrogram 1	6	62295.752161643	62342.752871703	0.0	224.7	47.001	0.0	0.0	0.0175	17:18:15.752	c
233	Spectrogram 1	6	62057.289684627	62112.429045780	0.0	207.0	55.139	0.0	0.0	0.0189	17:14:17.290	c
234	Spectrogram 1	6	62399.784779387	62471.873021289	0.0	273.1	72.088	0.0	0.0	0.0145	17:19:59.785	c
235	Spectrogram 1	6	62468.414094574	62514.600939525	114.5	198.2	46.187	160.2	121.1	0.6500	17:21:08.414	c
236	Spectrogram 1	6	62811.051305576	62878.602109646	0.0	678.4	67.551	0.0	0.0	0.0058	17:26:51.051	su
237	Spectrogram 1	6	62634.381843940	62674.668166849	0.0	189.4	40.286	0.0	0.0	0.0208	17:23:54.382	c
238	Spectrogram 1	6	62998.973209307	63072.424535418	0.0	361.2	73.451	0.0	0.0	0.0109	17:29:58.973	sd
239	Spectrogram 1	6	63158.287304446	63205.491480784	79.3	207.0	47.204	117.2	113.3	0.7188	17:32:38.287	c
240	Spectrogram 1	6	63234.383692163	63270.193756971	0.0	198.2	35.810	0.0	0.0	0.0200	17:33:54.384	c
241	Spectrogram 1	6	63520.376341560	63587.316746797	26.4	643.2	66.940	105.5	105.5	0.3822	17:38:40.376	su
242	Spectrogram 1	6	63961.003361718	64026.519503014	0.0	229.1	65.516	0.0	3.9	0.5172	17:46:01.003	c
243	Spectrogram 1	6	64233.241240769	64299.164314619	0.0	652.0	65.923	89.8	89.8	0.3795	17:50:33.241	su
244	Spectrogram 1	6	64066.912258985	64112.488705104	57.3	224.7	45.576	89.8	89.8	0.5238	17:47:46.912	su
245	Spectrogram 1	6	64610.183316127	64660.642952901	0.0	185.0	50.460	70.3	70.3	0.7447	17:56:50.183	c
246	Spectrogram 1	6	64752.813176526	64829.723429352	0.0	506.6	76.910	70.3	89.8	0.5116	17:59:12.813	c
247	Spectrogram 1	6	64981.835268274	65042.671685192	0.0	568.3	60.836	23.4	109.4	0.4621	18:03:01.835	su
248	Spectrogram 1	6	65302.091188772	65339.528983798	0.0	189.4	37.438	0.0	3.9	0.7083	18:08:22.091	c
249	Spectrogram 1	6	65693.275903542	65743.735540317	0.0	193.8	50.460	0.0	0.0	0.0204	18:14:53.276	c
250	Spectrogram 1	6	65791.898198253	65849.864000565	0.0	674.0	57.966	3.9	0.0	0.4419	18:16:31.898	su
251	Spectrogram 1	6	65894.219649020	65946.713948568	79.3	211.5	52.494	203.1	125.0	0.8485	18:18:14.220	c
252	Spectrogram 1	6	65962.584318199	66020.368740957	0.0	127.8	57.784	0.0	0.0	0.0312	18:19:22.584	c
253	Spectrogram 1	6	66467.099749435	66533.633222118	0.0	546.3	66.533	171.9	0.0	0.2806	18:27:47.100	su
254	Spectrogram 1	6	66619.495991145	66704.951827619	0.0	193.8	85.456	0.0	0.0	0.0204	18:30:19.496	c
255	Spectrogram 1	6	66762.698058902	66800.746252761	0.0	215.9	38.048	0.0	0.0	0.0182	18:32:42.698	c
256	Spectrogram 1	6	66895.925725509	66947.809626225	0.0	202.6	51.884	43.0	0.0	0.0392	18:34:55.926	c
257	Spectrogram 1	6	67203.159804258	67260.944227016	0.0	590.3	57.784	0.0	0.0	0.2185	18:40:03.160	su
258	Spectrogram 1	6	67893.155543896	67954.195427091	0.0	718.1	61.040	3.9	0.0	0.0055	18:51:33.156	su
259	Spectrogram 1	6	68696.482000000	68739.209918237	0.0	185.0	42.728	168.0	0.0	0.0213	19:04:56.482	c
260	Spectrogram 1	6	68905.014275937	68968.088821905	0.0	550.7	63.075	0.0	0.0	0.0071	19:08:25.014	su
261	Spectrogram 1	6	69555.232220045	69616.679035795	0.0	643.2	61.447	0.0	0.0	0.2012	19:19:15.232	su
262	Spectrogram 1	6	69189.603319706	69233.552035607	0.0	533.0	43.949	0.0	0.0	0.0074	19:13:09.603	c
263	Spectrogram 1	6	69842.649133384	69893.108770158	0.0	740.1	50.460	0.0	0.0	0.3492	19:24:02.649	sd
264	Spectrogram 1	6	70219.998141296	70246.652223625	0.0	634.4	26.654	0.0	3.9	0.4938	19:30:19.998	sd
265	Spectrogram 1	6	70539.440196684	70591.934496232	0.0	643.2	52.494	35.2	43.0	0.4451	19:35:39.440	sd
266	Spectrogram 1	6	70738.552745667	70823.194717031	0.0	251.1	84.642	222.7	101.6	0.9062	19:38:58.553	su
267	Spectrogram 1	6	71245.509772231	71297.597139224	0.0	211.5	52.087	35.2	35.2	0.7407	19:47:25.510	c
268	Spectrogram 1	6	71924.599269405	71999.067926903	0.0	493.4	74.469	226.6	160.2	0.6429	19:58:44.599	c
269	Spectrogram 1	6	71740.869220987	71782.783274115	0.0	427.3	41.914	132.8	113.3	0.5229	19:55:40.869	c
270	Spectrogram 1	6	72027.756672005	72064.177135644	0.0	533.0	36.420	226.6	160.2	0.5882	20:00:27.757	c
271	Spectrogram 1	6	72091.350841939	72152.481500000	0.0	585.9	61.131	230.5	175.8	0.5302	20:01:31.351	su
272	Spectrogram 1	6	71850.446769596	71896.430148269	0.0	185.0	45.983	160.2	27.3	0.8511	19:57:30.447	c
273	Spectrogram 1	6	72693.132992087	72767.194717031	0.0	568.3	74.062	0.0	140.6	0.5586	20:11:33.133	c
274	Spectrogram 1	6	72584.482000000	72622.530193858	74.9	207.0	38.048	148.4	125.0	0.7879	20:09:44.482	c
275	Spectrogram 1	6	73262.850915224	73355.224605126	0.0	202.6	92.374	0.0	0.0	0.8039	20:21:02.851	sd
276	Spectrogram 1	6	73881.214178598	73951.613510550	0.0	440.5	70.399	0.0	0.0	0.3661	20:31:21.214	c
277	Spectrogram 1	6	73713.354499812	73776.225579503	0.0	370.0	62.871	230.5	3.9	0.7766	20:28:33.354	sd
278	Spectrogram 1	6	74141.163144499	74192.640112660	4.4	207.0	51.477	109.4	58.6	0.7255	20:35:41.163	c
279	Spectrogram 1	6	74622.483420121	74697.969409005	13.2	215.9	75.486	160.2	117.2	0.8431	20:43:42.483	su
280	Spectrogram 1	6	75127.202317634	75191.701127543	0.0	348.0	64.499	0.0	3.9	0.4270	20:52:07.202	su
281	Spectrogram 1	6	75313.959943669	75364.012647889	0.0	215.9	50.053	85.9	0.0	0.5636	20:55:13.960	c
282	Spectrogram 1	6	75806.495281085	75868.959428222	0.0	273.1	62.464	43.0	0.0	0.3333	21:03:26.495	su
283	Spectrogram 1	6	76367.777803693	76407.657194047	110.1	211.5	39.879	117.2	125.0	0.6000	21:12:47.778	c
284	Spectrogram 1	6	76816.340008666	76858.254061794	0.0	312.8	41.914	0.0	3.9	0.6125	21:20:16.340	c
285	Spectrogram 1	6	76905.051305576	76960.394133007	0.0	229.1	55.343	0.0	0.0	0.6897	21:21:45.051	c
286	Spectrogram 1	6	77117.592628862	77183.515702713	0.0	224.7	65.923	199.2	78.1	0.8246	21:25:17.593	c
287	Spectrogram 1	6	77360.124431424	77400.817686888	92.5	220.3	40.693	199.2	128.9	0.8125	21:29:20.124	c
288	Spectrogram 1	6	77197.358926153	77260.026539567	0.0	378.9	62.668	0.0	93.8	0.5312	21:26:37.359	su
289	Spectrogram 1	6	77586.501461567	77643.675485494	0.0	220.3	57.174	0.0	3.9	0.7321	21:33:06.501	c
290	Spectrogram 1	6	77907.571247174	77971.256191974	0.0	255.5	63.685	0.0	3.9	0.6000	21:38:27.571	su
291	Spectrogram 1	6	77980.534704220	78062.938546534	0.0	193.8	82.404	148.4	3.9	0.7755	21:39:40.535	su
292	Spectrogram 1	6	78541.613760550	78623.610670309	0.0	603.5	81.997	0.0	3.9	0.2987	21:49:01.614	su
293	Spectrogram 1	6	78966.980809910	79010.929525810	0.0	198.2	43.949	0.0	0.0	0.7400	21:56:06.981	c
294	Spectrogram 1	6	79157.926711253	79219.983925835	0.0	502.2	62.057	0.0	0.0	0.2969	21:59:17.927	su
295	Spectrogram 1	6	79738.850929540	79802.128941786	0.0	414.1	63.278	0.0	0.0	0.3679	22:08:58.851	su
296	Spectrogram 1	6	80325.159804258	80388.437816503	0.0	299.6	63.278	0.0	0.0	0.5000	22:18:45.160	c
297	Spectrogram 1	6	80973.851889601	81064.394383007	0.0	449.3	90.542	0.0	0.0	0.3391	22:29:33.852	c
298	Spectrogram 1	6	81521.259888846	81604.884528823	0.0	427.3	83.625	160.2	0.0	0.3761	22:38:41.260	su
299	Spectrogram 1	6	81838.218228900	81889.695197061	0.0	202.6	51.477	156.2	0.0	0.7255	22:43:58.218	c
300	Spectrogram 1	6	82156.846419179	82198.760472306	0.0	528.6	41.914	0.0	0.0	0.2963	22:49:16.846	c
301	Spectrogram 1	6	82077.587854184	82118.281109648	26.4	224.7	40.693	148.4	113.3	0.6600	22:47:57.588	c
302	Spectrogram 1	6	82874.920505087	82923.345479088	0.0	202.6	48.425	156.2	0.0	0.6078	23:01:14.921	c
303	Spectrogram 1	6	83249.908854182	83318.883922193	0.0	497.8	68.975	0.0	0.0	0.2677	23:07:29.909	su
304	Spectrogram 1	6	83403.648423323	83432.540634702	136.6	215.9	28.892	168.0	148.4	0.5500	23:10:03.648	c
305	Spectrogram 1	6	83604.876571590	83643.128231726	105.7	224.7	38.252	152.3	128.9	0.5172	23:13:24.877	c
306	Spectrogram 1	6	83725.532074039	83796.134872268	70.5	215.9	70.603	144.5	117.2	0.5833	23:15:25.532	c
307	Spectrogram 1	6	84332.513572532	84388.263332517	4.4	229.1	55.750	7.8	23.4	0.6429	23:25:32.514	c
308	Spectrogram 1	6	84981.213969665	85045.305847020	0.0	400.9	64.092	3.9	0.0	0.2647	23:36:21.214	c
309	Spectrogram 1	6	85307.565566692	85385.086218350	0.0	189.4	77.521	0.0	0.0	0.1250	23:41:47.566	su
310	Spectrogram 1	6	86010.257152035	86069.669305011	0.0	220.3	59.412	0.0	0.0	0.4286	23:53:30.257	c
311	Spectrogram 1	6	86063.565316692	86116.059616240	101.3	211.5	52.494	164.1	121.1	0.5357	23:54:23.565	c
312	Spectrogram 1	6	86201.009480784	86242.923533911	0.0	229.1	41.914	0.0	0.0	0.3966	23:56:41.009	c
