Selection	View	Channel	Begin Time (s)	End Time (s)	Low Freq (Hz)	High Freq (Hz)	Delta Time (s)	Peak Freq (Hz)	Q1 Freq (Hz)	Q3 Freq Rel.	Begin Clock Time	calltype
1	Spectrogram 1	6	1590.660012811	1630.742869442	66.1	193.8	40.083	128.9	82.0	0.5938	0:26:30.660	c
2	Spectrogram 1	6	1811.827856255	1886.703446307	17.6	220.3	74.876	168.0	46.9	0.5686	0:30:11.828	sd
3	Spectrogram 1	6	1672.615605944	1734.062421693	57.3	224.7	61.447	148.4	85.9	0.5714	0:27:52.616	c
6	Spectrogram 1	6	2034.949425961	2083.781332517	35.2	198.2	48.832	54.7	46.9	0.5000	0:33:54.949	c
7	Spectrogram 1	6	2123.864189148	2173.916893369	22.0	233.5	50.053	23.4	27.3	0.3585	0:35:23.864	c
8	Spectrogram 1	6	2472.931384514	2528.070745667	0.0	207.0	55.139	0.0	0.0	0.2453	0:41:12.931	sd
9	Spectrogram 1	6	2702.034412773	2755.139111153	17.6	202.6	53.105	27.3	27.3	0.3478	0:45:02.034	c
10	Spectrogram 1	6	3089.963667106	3158.938735117	26.4	220.3	68.975	27.3	39.1	0.3673	0:51:29.964	c
11	Spectrogram 1	6	3307.265651281	3361.387681047	114.5	229.1	54.122	117.2	132.8	0.5000	0:55:07.266	c
12	Spectrogram 1	6	3872.414033157	3919.821675772	127.8	211.5	47.408	168.0	160.2	0.5238	1:04:32.414	c
13	Spectrogram 1	6	4521.309584778	4564.037503014	101.3	198.2	42.728	101.6	105.5	0.6250	1:15:21.310	c
14	Spectrogram 1	6	5071.604928410	5119.216037302	105.7	237.9	47.611	171.9	136.7	0.5312	1:24:31.605	c
15	Spectrogram 1	6	5227.663563112	5281.785592879	0.0	198.2	54.122	0.0	3.9	0.2800	1:27:07.664	c
16	Spectrogram 1	6	5268.560284853	5314.543663527	74.9	176.2	45.983	171.9	89.8	0.7200	1:27:48.560	c
17	Spectrogram 1	6	5844.614909194	5890.598287867	0.0	502.2	45.983	0.0	3.9	0.1172	1:37:24.615	c
18	Spectrogram 1	6	6547.916893369	6577.622969857	83.7	339.2	29.706	175.8	109.4	0.3594	1:49:07.917	c
19	Spectrogram 1	6	7990.046523738	8026.060054823	35.2	193.8	36.014	50.8	50.8	0.5128	2:13:10.047	c
20	Spectrogram 1	6	10141.582126601	10188.989769216	83.7	497.8	47.408	85.9	93.8	0.2095	2:49:01.582	c
21	Spectrogram 1	6	10704.004510362	10742.866569329	92.5	237.9	38.862	144.5	117.2	0.5278	2:58:24.005	c
22	Spectrogram 1	6	10763.213197061	10806.551514130	118.9	198.2	43.338	171.9	144.5	0.6842	2:59:23.213	c
23	Spectrogram 1	6	11281.971267709	11326.937314996	132.2	198.2	44.966	171.9	152.3	0.6250	3:08:01.971	c
24	Spectrogram 1	6	11333.448235870	11383.297473813	4.4	215.9	49.849	50.8	43.0	0.3774	3:08:53.448	c
25	Spectrogram 1	6	11573.945375659	11614.435164846	110.1	207.0	40.490	121.1	132.8	0.6250	3:12:53.945	c
26	Spectrogram 1	6	11691.773107573	11751.388726827	26.4	202.6	59.616	50.8	46.9	0.2727	3:14:51.773	c
27	Spectrogram 1	6	11878.148217596	11950.785678598	13.2	180.6	72.637	50.8	39.1	0.3810	3:17:58.148	c
28	Spectrogram 1	6	12079.783298417	12138.585052562	48.5	198.2	58.802	50.8	54.7	0.4865	3:21:19.783	c
29	Spectrogram 1	6	12259.363084778	12337.290668990	26.4	237.9	77.928	43.0	50.8	0.4340	3:24:19.363	c
30	Spectrogram 1	6	12500.470623399	12546.657468350	26.4	215.9	46.187	50.8	43.0	0.2917	3:28:20.471	c
31	Spectrogram 1	6	12548.285198568	12595.896307460	13.2	387.7	47.611	175.8	46.9	0.3684	3:29:08.285	c
32	Spectrogram 1	6	12364.351683873	12416.235584589	17.6	171.8	51.884	50.8	39.1	0.5000	3:26:04.352	c
33	Spectrogram 1	6	12693.479184062	12726.237254710	17.6	215.9	32.758	19.5	43.0	0.5400	3:31:33.479	c
34	Spectrogram 1	6	12892.876135833	12925.430740203	13.2	198.2	32.555	19.5	39.1	0.5870	3:34:52.876	c
35	Spectrogram 1	6	13065.212072720	13127.269287302	17.6	211.5	62.057	19.5	39.1	0.4286	3:37:45.212	c
36	Spectrogram 1	6	12818.602803124	12887.374404858	22.0	198.2	68.772	46.9	43.0	0.4773	3:33:38.603	c
37	Spectrogram 1	6	13250.895847400	13320.481314243	0.0	202.6	69.585	0.0	0.0	0.1961	3:40:50.896	sd
38	Spectrogram 1	6	13520.488664846	13566.675509797	35.2	242.3	46.187	58.6	54.7	0.4615	3:45:20.489	c
39	Spectrogram 1	6	13157.301359834	13239.094803316	26.4	198.2	81.793	58.6	50.8	0.6047	3:39:17.301	c
40	Spectrogram 1	6	13364.226563866	13411.023807649	0.0	224.7	46.797	0.0	0.0	0.0175	3:42:44.227	c
41	Spectrogram 1	6	13834.763126790	13902.924329691	22.0	207.0	68.161	171.9	85.9	0.7234	3:50:34.763	sd
42	Spectrogram 1	6	13906.179790128	13978.410318576	26.4	242.3	72.231	66.4	54.7	0.4000	3:51:46.180	su
43	Spectrogram 1	6	13767.415788998	13809.126375848	17.6	211.5	41.711	19.5	35.2	0.5714	3:49:27.416	c
44	Spectrogram 1	6	14092.547383694	14163.687160701	0.0	220.3	71.140	0.0	0.0	0.0179	3:54:52.547	c
45	Spectrogram 1	6	14383.634206481	14418.426939902	0.0	356.8	34.793	0.0	0.0	0.0110	3:59:43.634	c
46	Spectrogram 1	6	14475.397497551	14596.053000000	0.0	229.1	120.656	0.0	0.0	0.0172	4:01:15.397	su
47	Spectrogram 1	6	14700.350263753	14749.792569141	0.0	123.3	49.442	0.0	0.0	0.0323	4:05:00.350	c
48	Spectrogram 1	6	14912.362124717	14952.444981349	110.1	176.2	40.083	175.8	140.6	0.9375	4:08:32.362	c
49	Spectrogram 1	6	15054.097183497	15117.375195742	0.0	286.3	63.278	0.0	0.0	0.0137	4:10:54.097	su
50	Spectrogram 1	6	15116.764796910	15174.345753391	8.8	202.6	57.581	171.9	62.5	0.7083	4:11:56.765	sd
51	Spectrogram 1	6	15327.352393934	15360.720863414	4.4	330.4	33.368	117.2	46.9	0.4512	4:15:27.352	c
52	Spectrogram 1	6	15228.060850603	15284.421009420	17.6	370.0	56.360	54.7	46.9	0.3596	4:13:48.061	c
53	Spectrogram 1	6	15028.053500000	15048.400127732	88.1	185.0	20.347	125.0	121.1	0.6667	4:10:28.053	c
54	Spectrogram 1	6	15476.588958488	15561.637862406	0.0	215.9	85.049	0.0	0.0	0.0182	4:17:56.589	c
55	Spectrogram 1	6	15574.279518086	15610.293049171	0.0	365.6	36.014	0.0	0.0	0.0108	4:19:34.280	c
56	Spectrogram 1	6	15766.148217596	15866.253626036	0.0	242.3	100.105	0.0	0.0	0.0161	4:22:46.148	sd
57	Spectrogram 1	6	15645.085782592	15714.060850603	0.0	339.2	68.975	0.0	0.0	0.0581	4:20:45.086	su
58	Spectrogram 1	6	15937.670289375	15971.445691409	0.0	277.5	33.775	0.0	0.0	0.0141	4:25:37.670	c
59	Spectrogram 1	6	15986.298729653	16002.779498116	22.0	259.9	16.481	125.0	62.5	0.4833	4:26:26.299	c
60	Spectrogram 1	6	16253.165548983	16322.954482102	0.0	215.9	69.789	0.0	0.0	0.0182	4:30:53.166	su
61	Spectrogram 1	6	16325.192611153	16367.717063112	0.0	273.1	42.524	0.0	0.0	0.0145	4:32:05.193	su
62	Spectrogram 1	6	16409.020717408	16476.978454032	0.0	405.3	67.958	0.0	0.0	0.1456	4:33:29.021	sd
63	Spectrogram 1	6	16050.920069329	16110.332222306	0.0	202.6	59.412	0.0	0.0	0.0196	4:27:30.920	c
64	Spectrogram 1	6	16111.959952524	16218.983214393	0.0	220.3	107.023	0.0	0.0	0.0179	4:28:31.960	c
65	Spectrogram 1	6	16494.599083647	16554.418169179	0.0	220.3	59.819	0.0	0.0	0.0179	4:34:54.599	c
66	Spectrogram 1	6	16593.687160701	16655.947841560	0.0	207.0	62.261	0.0	0.0	0.0943	4:36:33.687	su
67	Spectrogram 1	6	16810.378746044	16920.860934627	0.0	242.3	110.482	0.0	0.0	0.0161	4:40:10.379	c
68	Spectrogram 1	6	16675.277137905	16713.325331763	0.0	264.3	38.048	0.0	0.0	0.1045	4:37:55.277	c
69	Spectrogram 1	6	16932.051579879	16989.632536360	0.0	233.5	57.581	0.0	0.0	0.0169	4:42:12.052	c
70	Spectrogram 1	6	16999.724913715	17052.015746986	0.0	255.5	52.291	0.0	0.0	0.0154	4:43:19.725	c
71	Spectrogram 1	6	17291.292089111	17392.414828937	0.0	220.3	101.123	0.0	0.0	0.0179	4:48:11.292	c
72	Spectrogram 1	6	17115.293759231	17205.632786360	0.0	202.6	90.339	0.0	0.0	0.0196	4:45:15.294	c
73	Spectrogram 1	6	17477.993195177	17526.621635456	0.0	96.9	48.628	0.0	0.0	0.0417	4:51:17.993	c
74	Spectrogram 1	6	17728.256716277	17781.768347212	0.0	176.2	53.512	0.0	0.0	0.0222	4:55:28.257	sd
75	Spectrogram 1	6	17787.872335531	17868.851913904	0.0	198.2	80.980	0.0	0.0	0.0200	4:56:27.872	su
76	Spectrogram 1	6	17529.063230784	17585.423389601	74.9	198.2	56.360	128.9	113.3	0.5667	4:52:09.063	c
77	Spectrogram 1	6	17649.108334401	17700.992235117	0.0	215.9	51.884	0.0	0.0	0.0182	4:54:09.108	c
78	Spectrogram 1	6	17966.051827811	18019.946421439	0.0	132.2	53.895	0.0	0.0	0.2121	4:59:26.052	c
79	Spectrogram 1	6	18335.319151281	18438.883486436	0.0	211.5	103.564	0.0	0.0	0.0185	5:05:35.319	su
80	Spectrogram 1	6	18037.241055011	18113.947841560	0.0	189.4	76.707	0.0	0.0	0.0208	5:00:37.241	c
81	Spectrogram 1	6	18171.269615174	18219.084190344	123.3	202.6	47.815	179.7	152.3	0.7368	5:02:51.270	c
82	Spectrogram 1	6	18477.257676338	18558.237254710	0.0	189.4	80.980	0.0	0.0	0.0625	5:07:57.258	c
83	Spectrogram 1	6	18604.627565938	18677.468493218	0.0	202.6	72.841	0.0	0.0	0.0196	5:10:04.628	c
84	Spectrogram 1	6	18719.586012622	18768.824851733	4.4	220.3	49.239	54.7	39.1	0.4815	5:11:59.586	c
85	Spectrogram 1	6	18796.089332894	18814.401297852	35.2	387.7	18.312	148.4	109.4	0.3258	5:13:16.089	c
86	Spectrogram 1	6	18819.691421063	18890.904618124	0.0	387.7	71.213	0.0	0.0	0.0101	5:13:39.691	c
87	Spectrogram 1	6	18910.030448191	18931.190941032	35.2	396.5	21.160	125.0	109.4	0.3187	5:15:10.030	c
88	Spectrogram 1	6	18932.762954662	18989.708292389	0.0	312.8	56.945	0.0	0.0	0.1000	5:15:32.763	c
89	Spectrogram 1	6	18991.946421439	19014.124245667	13.2	251.1	22.178	50.8	46.9	0.3667	5:16:31.946	c
90	Spectrogram 1	6	19030.401547852	19104.259806518	0.0	264.3	73.858	171.9	0.0	0.2537	5:17:10.402	c
91	Spectrogram 1	6	19090.424099661	19169.572481537	4.4	114.5	79.148	54.7	46.9	0.5556	5:18:10.424	c
92	Spectrogram 1	6	19288.193321213	19308.743415222	30.8	264.3	20.550	58.6	54.7	0.2881	5:21:28.193	c
93	Spectrogram 1	6	19323.392987189	19343.332682366	22.0	259.9	19.940	54.7	54.7	0.4500	5:22:03.393	c
94	Spectrogram 1	6	19364.900107762	19380.363544838	39.6	436.1	15.463	117.2	117.2	0.5800	5:22:44.900	c
95	Spectrogram 1	6	19431.963042766	19443.764086850	8.8	387.7	11.801	117.2	62.5	0.4375	5:23:51.963	c
96	Spectrogram 1	6	19486.288538809	19506.431700264	0.0	405.3	20.143	0.0	0.0	0.2718	5:24:46.289	c
97	Spectrogram 1	6	19530.237254710	19554.042809156	13.2	378.9	23.806	15.6	74.2	0.4239	5:25:30.237	c
98	Spectrogram 1	6	19686.295889412	19758.119485305	0.0	246.7	71.824	0.0	0.0	0.1111	5:28:06.296	c
99	Spectrogram 1	6	19759.543749246	19785.180500188	4.4	462.6	25.637	128.9	78.1	0.6121	5:29:19.544	c
100	Spectrogram 1	6	19793.929550113	19839.099063677	35.2	480.2	45.170	58.6	62.5	0.3125	5:29:53.930	c
101	Spectrogram 1	6	19611.431566124	19636.864850789	0.0	400.9	25.433	0.0	0.0	0.0588	5:26:51.432	c
102	Spectrogram 1	6	19648.665894873	19671.861050488	30.8	167.4	23.195	58.6	54.7	0.3824	5:27:28.666	c
103	Spectrogram 1	6	19896.487820646	19917.444847210	0.0	361.2	20.957	0.0	0.0	0.0109	5:31:36.488	c
104	Spectrogram 1	6	19983.072251507	19999.349553693	0.0	537.4	16.277	0.0	0.0	0.1971	5:33:03.072	c
105	Spectrogram 1	6	20014.609524491	20087.653918048	0.0	220.3	73.044	0.0	0.0	0.0714	5:33:34.610	c
106	Spectrogram 1	6	20183.893467219	20226.417919179	30.8	405.3	42.524	58.6	62.5	0.4316	5:36:23.893	c
107	Spectrogram 1	6	20236.998165599	20258.972523549	4.4	493.4	21.974	128.9	70.3	0.4355	5:37:16.998	c
108	Spectrogram 1	6	20269.756236247	20289.492465147	0.0	506.6	19.736	0.0	0.0	0.0078	5:37:49.756	c
109	Spectrogram 1	6	20283.998875659	20363.554190090	0.0	273.1	79.555	0.0	0.0	0.2899	5:38:03.999	sd
110	Spectrogram 1	6	20430.006726262	20467.647987566	0.0	550.7	37.641	0.0	0.0	0.0071	5:40:30.007	c
111	Spectrogram 1	6	20655.650827807	20706.924329691	13.2	207.0	51.274	171.9	78.1	0.7755	5:44:15.651	c
112	Spectrogram 1	6	20772.440470987	20796.246025433	30.8	370.0	23.806	54.7	58.6	0.3953	5:46:12.440	c
113	Spectrogram 1	6	20851.181920309	20880.277597965	26.4	237.9	29.096	54.7	54.7	0.3585	5:47:31.182	c
114	Spectrogram 1	6	20479.449031650	20510.172439525	0.0	392.1	30.723	0.0	0.0	0.0300	5:41:19.449	c
115	Spectrogram 1	6	20514.241765072	20543.337442728	61.7	365.6	29.096	62.5	78.1	0.4545	5:41:54.242	c
116	Spectrogram 1	6	20543.337442728	20561.039008855	17.6	383.3	17.702	109.4	85.9	0.4301	5:42:23.337	c
117	Spectrogram 1	6	20572.840052939	20627.979414092	17.6	185.0	55.139	58.6	39.1	0.5238	5:42:52.840	c
118	Spectrogram 1	6	20905.223013564	20941.236544650	44.1	273.1	36.014	58.6	58.6	0.3509	5:48:25.223	c
119	Spectrogram 1	6	20935.539488885	20988.644187265	13.2	189.4	53.105	168.0	97.7	0.9091	5:48:55.539	c
120	Spectrogram 1	6	20986.202591937	21016.925999812	17.6	123.3	30.723	58.6	54.7	0.5769	5:49:46.203	c
121	Spectrogram 1	6	21161.387056707	21204.928840053	0.0	453.7	43.542	0.0	0.0	0.1207	5:52:41.387	c
122	Spectrogram 1	6	21215.305620196	21270.241515072	0.0	220.3	54.936	58.6	0.0	0.2500	5:53:35.306	sd
123	Spectrogram 1	6	21283.059890543	21329.857134326	0.0	268.7	46.797	58.6	0.0	0.0882	5:54:43.060	c
124	Spectrogram 1	6	21617.274047664	21656.339572909	0.0	211.5	39.066	168.0	0.0	0.5370	6:00:17.274	c
125	Spectrogram 1	6	21421.946421439	21478.103113979	0.0	242.3	56.157	0.0	0.0	0.0806	5:57:01.946	c
126	Spectrogram 1	6	21470.167929164	21510.861184627	0.0	207.0	40.693	54.7	0.0	0.1321	5:57:50.168	c
127	Spectrogram 1	6	21706.392277129	21750.747925584	0.0	185.0	44.356	0.0	0.0	0.0213	6:01:46.392	c
128	Spectrogram 1	6	21744.847403542	21790.016917106	13.2	268.7	45.170	109.4	58.6	0.5312	6:02:24.847	c
129	Spectrogram 1	6	21533.242475132	21581.463982856	0.0	326.0	48.222	58.6	0.0	0.1807	5:58:53.242	c
130	Spectrogram 1	6	21844.138946873	21871.606894310	0.0	431.7	27.468	0.0	0.0	0.0818	6:04:04.139	c
131	Spectrogram 1	6	21897.366175019	21997.471583459	0.0	207.0	100.105	0.0	0.0	0.0189	6:04:57.366	c
132	Spectrogram 1	6	22019.445941409	22092.490334966	0.0	220.3	73.044	0.0	0.0	0.0179	6:06:59.446	su
133	Spectrogram 1	6	22168.179790128	22247.328172005	0.0	246.7	79.148	0.0	0.0	0.0159	6:09:28.180	c
134	Spectrogram 1	6	22271.995795715	22318.996505776	0.0	211.5	47.001	0.0	0.0	0.0185	6:11:11.996	c
135	Spectrogram 1	6	22319.884696496	22375.634456481	0.0	202.6	55.750	171.9	0.0	0.4314	6:11:59.885	c
136	Spectrogram 1	6	22508.294469292	22576.659138470	0.0	171.8	68.365	0.0	0.0	0.0233	6:15:08.294	su
137	Spectrogram 1	6	23127.564880934	23168.258136398	0.0	202.6	40.693	0.0	0.0	0.0196	6:25:27.565	su
138	Spectrogram 1	6	23253.713972871	23326.554900151	0.0	207.0	72.841	0.0	0.0	0.3396	6:27:33.714	sd
139	Spectrogram 1	6	22986.846979341	23090.207848218	0.0	180.6	103.361	0.0	0.0	0.1087	6:23:06.847	c
140	Spectrogram 1	6	23343.972063489	23389.345043331	0.0	242.3	45.373	0.0	0.0	0.1290	6:29:03.972	su
141	Spectrogram 1	6	23606.647027506	23678.877555953	0.0	220.3	72.231	0.0	0.0	0.1250	6:33:26.647	su
142	Spectrogram 1	6	23522.353763939	23600.281348152	0.0	189.4	77.928	0.0	0.0	0.1250	6:32:02.354	c
144	Spectrogram 1	6	24328.586972683	24394.713512811	0.0	207.0	66.127	27.3	0.0	0.1321	6:45:28.587	su
145	Spectrogram 1	6	24760.871875471	24814.180040128	0.0	220.3	53.308	0.0	0.0	0.1250	6:52:40.872	sd
146	Spectrogram 1	6	24913.064650904	24975.528798041	0.0	224.7	62.464	0.0	0.0	0.1228	6:55:13.065	su
147	Spectrogram 1	6	25235.070831387	25303.842433120	0.0	211.5	68.772	27.3	0.0	0.1667	7:00:35.071	sd
148	Spectrogram 1	6	25590.933350414	25659.908418425	0.0	207.0	68.975	31.2	3.9	0.1509	7:06:30.933	su
149	Spectrogram 1	6	25411.272627543	25455.831742276	0.0	215.9	44.559	31.2	0.0	0.1455	7:03:31.273	c
150	Spectrogram 1	6	25809.578662020	25851.085782592	0.0	198.2	41.507	27.3	3.9	0.1800	7:10:09.579	c
151	Spectrogram 1	6	26035.833162396	26109.894887340	0.0	215.9	74.062	0.0	0.0	0.1455	7:13:55.833	c
152	Spectrogram 1	6	26297.613324793	26363.943331198	8.8	229.1	66.330	27.3	27.3	0.1091	7:18:17.613	sd
153	Spectrogram 1	6	26694.698561605	26739.461142615	0.0	198.2	44.763	31.2	0.0	0.1600	7:24:54.699	c
154	Spectrogram 1	6	26996.642517144	27056.461602675	0.0	202.6	59.819	27.3	0.0	0.1765	7:29:56.643	c
155	Spectrogram 1	6	26840.176949887	26905.286158628	0.0	233.5	65.109	31.2	0.0	0.1356	7:27:20.177	su
156	Spectrogram 1	6	27277.548509608	27329.025477769	118.9	233.5	51.477	175.8	148.4	0.5000	7:34:37.549	c
157	Spectrogram 1	6	27742.794949322	27811.973483610	105.7	215.9	69.179	171.9	140.6	0.5926	7:42:22.795	sd
158	Spectrogram 1	6	27943.412698757	27989.396077430	118.9	233.5	45.983	175.8	144.5	0.5000	7:45:43.413	c
159	Spectrogram 1	6	28754.674339676	28830.567261115	0.0	202.6	75.893	31.2	23.4	0.1765	7:59:14.674	sd
160	Spectrogram 1	6	29393.477513941	29430.304910136	0.0	193.8	36.827	27.3	3.9	0.1837	8:09:53.478	c
161	Spectrogram 1	6	29593.484864544	29627.260266579	0.0	233.5	33.775	31.2	19.5	0.1356	8:13:13.485	c
162	Spectrogram 1	6	29909.997455539	29976.734394499	0.0	202.6	66.737	31.2	3.9	0.1961	8:18:29.997	sd
163	Spectrogram 1	6	30508.921239450	30536.999585720	0.0	189.4	28.078	27.3	3.9	0.1667	8:28:28.921	c
164	Spectrogram 1	6	30618.508626413	30640.686450641	39.6	577.1	22.178	121.1	78.1	0.2426	8:30:18.509	c
165	Spectrogram 1	6	30741.198791635	30811.394657310	0.0	224.7	70.196	31.2	3.9	0.1404	8:32:21.199	sd
166	Spectrogram 1	6	30904.378746044	30919.028318011	13.2	524.2	14.650	31.2	23.4	0.1923	8:35:04.379	c
167	Spectrogram 1	6	30938.968013188	30957.279978146	0.0	563.9	18.312	27.3	0.0	0.0625	8:35:38.968	c
168	Spectrogram 1	6	31009.163878862	31047.619005275	0.0	453.7	38.455	31.2	0.0	0.0776	8:36:49.164	c
169	Spectrogram 1	6	31158.427189902	31210.921489450	0.0	185.0	52.494	31.2	0.0	0.1915	8:39:18.427	sd
170	Spectrogram 1	6	31217.432410324	31233.302779955	4.4	418.5	15.870	31.2	27.3	0.2857	8:40:17.432	c
172	Spectrogram 1	6	31464.237004710	31500.860934627	48.5	268.7	36.624	121.1	89.8	0.5091	8:44:24.237	c
173	Spectrogram 1	6	31527.921949510	31598.321281462	8.8	427.3	70.399	31.2	27.3	0.2736	8:45:27.922	c
174	Spectrogram 1	6	31703.025477769	31761.623765637	0.0	286.3	58.598	31.2	0.0	0.1096	8:48:23.025	sd
175	Spectrogram 1	6	31775.268531089	31851.364918806	0.0	229.1	76.096	0.0	0.0	0.2069	8:49:35.269	sd
176	Spectrogram 1	6	32161.760996609	32219.341953090	0.0	233.5	57.581	0.0	0.0	0.1356	8:56:01.761	sd
177	Spectrogram 1	6	32343.252915976	32402.665068953	0.0	202.6	59.412	0.0	0.0	0.1176	8:59:03.253	c
178	Spectrogram 1	6	32403.478934062	32435.830072155	52.9	224.7	32.351	113.3	97.7	0.5116	9:00:03.479	c
179	Spectrogram 1	6	32465.739614921	32544.074131688	0.0	237.9	78.335	0.0	0.0	0.1000	9:01:05.740	sd
180	Spectrogram 1	6	32233.788058779	32275.498645629	74.9	233.5	41.711	132.8	121.1	0.5128	8:57:13.788	c
181	Spectrogram 1	6	32628.838632818	32695.168639224	0.0	268.7	66.330	27.3	0.0	0.1029	9:03:48.839	sd
182	Spectrogram 1	6	32987.549679729	33043.299439714	0.0	237.9	55.750	0.0	0.0	0.0833	9:09:47.550	su
183	Spectrogram 1	6	33128.063940844	33227.965883007	0.0	268.7	99.902	171.9	0.0	0.2794	9:12:08.064	sd
185	Spectrogram 1	6	33632.782838357	33733.702111907	0.0	440.5	100.919	0.0	0.0	0.1696	9:20:32.783	sd
186	Spectrogram 1	6	33881.215162962	33957.718483233	0.0	255.5	76.503	0.0	0.0	0.0154	9:24:41.215	c
187	Spectrogram 1	6	34033.530468161	34091.111424642	0.0	396.5	57.581	0.0	0.0	0.0297	9:27:13.530	su
188	Spectrogram 1	6	34124.886826677	34185.723243595	0.0	321.6	60.836	0.0	0.0	0.0122	9:28:44.887	c
189	Spectrogram 1	6	34364.163168802	34454.095263376	0.0	207.0	89.932	168.0	0.0	0.0755	9:32:44.163	sd
190	Spectrogram 1	6	34200.263882504	34313.391132692	0.0	229.1	113.127	0.0	0.0	0.0172	9:30:00.264	c
191	Spectrogram 1	6	34489.213992841	34542.318691221	0.0	365.6	53.105	0.0	0.0	0.0108	9:34:49.214	su
192	Spectrogram 1	6	34782.001965901	34858.505286172	0.0	233.5	76.503	0.0	0.0	0.0169	9:39:42.002	sd
193	Spectrogram 1	6	34716.256691725	34772.006451710	0.0	392.1	55.750	0.0	0.0	0.0100	9:38:36.257	c
194	Spectrogram 1	6	35001.257676338	35055.176239827	0.0	577.1	53.919	0.0	0.0	0.2109	9:43:21.258	su
195	Spectrogram 1	6	35262.711842690	35322.123995667	0.0	255.5	59.412	0.0	0.0	0.0154	9:47:42.712	c
196	Spectrogram 1	6	35363.427649962	35471.671709495	0.0	198.2	108.244	0.0	0.0	0.0200	9:49:23.428	c
197	Spectrogram 1	6	35162.618959122	35227.728167864	0.0	246.7	65.109	58.6	0.0	0.2063	9:46:02.619	c
198	Spectrogram 1	6	35761.937150716	35818.704242087	0.0	528.6	56.767	0.0	0.0	0.2593	9:56:01.937	su
199	Spectrogram 1	6	35828.267157121	35875.064400904	0.0	224.7	46.797	0.0	0.0	0.0175	9:57:08.267	c
200	Spectrogram 1	6	35910.478799922	35994.011236624	0.0	220.3	83.532	0.0	0.0	0.0179	9:58:30.479	c
201	Spectrogram 1	6	35995.028568011	36023.920779390	30.8	207.0	28.892	175.8	113.3	0.8222	9:59:55.029	c
202	Spectrogram 1	6	36275.812030708	36331.968723248	0.0	603.5	56.157	0.0	0.0	0.2273	10:04:35.812	su
203	Spectrogram 1	6	36335.427649962	36408.878976074	0.0	211.5	73.451	171.9	0.0	0.4444	10:05:35.428	sd
204	Spectrogram 1	6	36449.084362472	36500.968263188	8.8	392.1	51.884	62.5	54.7	0.2062	10:07:29.084	c
205	Spectrogram 1	6	36526.605014130	36604.125665787	0.0	189.4	77.521	0.0	0.0	0.0208	10:08:46.605	sd
206	Spectrogram 1	6	36795.180500188	36854.592653165	0.0	453.7	59.412	0.0	0.0	0.2672	10:13:15.181	su
207	Spectrogram 1	6	36618.978704032	36672.490334966	0.0	246.7	53.512	0.0	0.0	0.0159	10:10:18.979	su
208	Spectrogram 1	6	36886.129926149	36946.762876790	0.0	211.5	60.633	0.0	0.0	0.0185	10:14:46.130	c
209	Spectrogram 1	6	36950.140866993	37000.803970045	26.4	286.3	50.663	54.7	54.7	0.4091	10:15:50.141	c
210	Spectrogram 1	6	37307.834582517	37373.757656368	0.0	392.1	65.923	0.0	0.0	0.3000	10:21:47.835	su
211	Spectrogram 1	6	37069.982504333	37138.347173512	0.0	211.5	68.365	0.0	0.0	0.2593	10:17:49.983	c
212	Spectrogram 1	6	37128.524450581	37175.118228086	0.0	321.6	46.594	0.0	0.0	0.1707	10:18:48.524	c
213	Spectrogram 1	6	37247.478348030	37288.578536048	0.0	224.7	41.100	0.0	0.0	0.0175	10:20:47.478	c
214	Spectrogram 1	6	37439.396327430	37491.483694424	22.0	255.5	52.087	54.7	50.8	0.3220	10:23:59.396	c
215	Spectrogram 1	6	37481.920779390	37533.601213828	0.0	383.3	51.680	58.6	0.0	0.1429	10:24:41.921	c
216	Spectrogram 1	6	37695.153438018	37778.371145441	0.0	198.2	83.218	0.0	0.0	0.0200	10:28:15.153	c
217	Spectrogram 1	6	37806.042559156	37849.177409947	66.1	224.7	43.135	74.2	82.0	0.7000	10:30:06.043	c
218	Spectrogram 1	6	37846.986234992	37905.991455414	0.0	365.6	59.005	0.0	0.0	0.0108	10:30:46.986	su
219	Spectrogram 1	6	37895.690250942	37945.539488885	0.0	215.9	49.849	0.0	0.0	0.0182	10:31:35.690	c
220	Spectrogram 1	6	38010.648697626	38056.632076300	0.0	378.9	45.983	0.0	0.0	0.1146	10:33:30.649	c
221	Spectrogram 1	6	38293.670289375	38351.047779578	0.0	180.6	57.377	0.0	0.0	0.0217	10:38:13.670	c
222	Spectrogram 1	6	38332.939280897	38387.264776940	0.0	511.0	54.325	0.0	0.0	0.0385	10:38:52.939	su
223	Spectrogram 1	6	38189.902487943	38226.526417860	0.0	334.8	36.624	0.0	0.0	0.0118	10:36:29.902	su
224	Spectrogram 1	6	38426.859764506	38501.938820836	0.0	211.5	75.079	0.0	0.0	0.0185	10:40:26.860	c
225	Spectrogram 1	6	38496.852163904	38543.242475132	0.0	396.5	46.390	0.0	0.0	0.0891	10:41:36.852	c
226	Spectrogram 1	6	38795.540659005	38862.074131688	0.0	559.5	66.533	0.0	0.0	0.0070	10:46:35.541	su
227	Spectrogram 1	6	38900.041389035	38968.812990769	0.0	185.0	68.772	0.0	0.0	0.0213	10:48:20.041	sd
228	Spectrogram 1	6	38969.626855878	39023.341953090	0.0	229.1	53.715	0.0	0.0	0.0172	10:49:29.627	c
229	Spectrogram 1	6	39152.339572909	39202.799209684	0.0	348.0	50.460	0.0	0.0	0.0112	10:52:32.340	c
230	Spectrogram 1	6	39041.043519216	39083.161038621	0.0	193.8	42.118	0.0	0.0	0.0204	10:50:41.044	sd
231	Spectrogram 1	6	39214.803720045	39332.203762057	0.0	237.9	117.400	0.0	0.0	0.0167	10:53:34.804	c
232	Spectrogram 1	6	39442.198081575	39497.540909005	0.0	493.4	55.343	0.0	0.0	0.0317	10:57:22.198	su
233	Spectrogram 1	6	39599.274047664	39646.274757724	0.0	370.0	47.001	54.7	0.0	0.1383	10:59:59.274	c
234	Spectrogram 1	6	39672.928840053	39710.366635079	0.0	215.9	37.438	0.0	0.0	0.0182	11:01:12.929	c
235	Spectrogram 1	6	39791.142747174	39845.061310663	0.0	387.7	53.919	0.0	0.0	0.0101	11:03:11.143	su
236	Spectrogram 1	6	39913.345043331	39999.614744913	0.0	572.7	86.270	0.0	0.0	0.0205	11:05:13.345	c
237	Spectrogram 1	6	40237.263356820	40288.740324981	0.0	224.7	51.477	0.0	0.0	0.0175	11:10:37.263	c
238	Spectrogram 1	6	40012.122596141	40057.495575982	0.0	189.4	45.373	0.0	0.0	0.0208	11:06:52.123	c
239	Spectrogram 1	6	40062.785699193	40113.448802245	0.0	220.3	50.663	0.0	0.0	0.2500	11:07:42.786	c
240	Spectrogram 1	6	40310.811091242	40392.834122457	0.0	273.1	82.023	0.0	0.0	0.1304	11:11:50.811	c
241	Spectrogram 1	6	40623.157948380	40705.561790693	0.0	185.0	82.404	0.0	0.0	0.0213	11:17:03.158	sd
242	Spectrogram 1	6	40716.548969668	40760.701151846	0.0	224.7	44.152	0.0	0.0	0.0175	11:18:36.549	c
243	Spectrogram 1	6	40527.843072592	40600.480533594	0.0	453.7	72.637	0.0	0.0	0.0086	11:15:27.843	c
244	Spectrogram 1	6	41038.351683873	41122.993655237	0.0	189.4	84.642	0.0	0.0	0.0208	11:23:58.352	c
245	Spectrogram 1	6	41307.660098531	41358.730134137	0.0	198.2	51.070	0.0	0.0	0.0200	11:28:27.660	c
246	Spectrogram 1	6	41645.414118877	41695.670289375	0.0	233.5	50.256	0.0	0.0	0.1864	11:34:05.414	c
247	Spectrogram 1	6	41476.957816191	41561.396321278	0.0	299.6	84.439	0.0	0.0	0.0132	11:31:16.958	c
248	Spectrogram 1	6	42174.142037114	42231.519527317	0.0	246.7	57.377	0.0	0.0	0.0159	11:42:54.142	c
249	Spectrogram 1	6	42232.333392427	42278.316771100	0.0	185.0	45.983	0.0	0.0	0.0213	11:43:52.333	c
250	Spectrogram 1	6	42064.677179917	42125.920529390	0.0	449.3	61.243	0.0	0.0	0.0087	11:41:04.677	c
251	Spectrogram 1	6	41991.845019281	42071.400333712	0.0	233.5	79.555	0.0	0.0	0.0169	11:39:51.845	c
252	Spectrogram 1	6	42631.453292012	42714.670999435	0.0	176.2	83.218	0.0	0.0	0.0222	11:50:31.453	c
253	Spectrogram 1	6	42779.699271665	42858.644187265	0.0	229.1	78.945	0.0	0.0	0.0172	11:52:59.699	c
254	Spectrogram 1	6	43053.157948380	43101.989854936	0.0	343.6	48.832	0.0	0.0	0.0115	11:57:33.158	c
255	Spectrogram 1	6	42893.029988131	42961.394657310	70.5	273.1	68.365	175.8	89.8	0.5400	11:54:53.030	su
256	Spectrogram 1	6	43233.958532404	43311.682650339	52.9	176.2	77.724	168.0	78.1	0.9032	12:00:33.959	c
257	Spectrogram 1	6	43374.757196307	43476.897267521	61.7	268.7	102.140	179.7	82.0	0.4808	12:02:54.757	c
258	Spectrogram 1	6	43889.649407687	43969.001255840	88.1	229.1	79.352	132.8	125.0	0.6000	12:11:29.649	su
259	Spectrogram 1	6	44418.473734234	44478.496286043	88.1	211.5	60.023	89.8	101.6	0.6452	12:20:18.474	c
260	Spectrogram 1	6	47479.448781650	47535.402007913	114.5	233.5	55.953	171.9	140.6	0.5172	13:11:19.449	c
261	Spectrogram 1	6	49216.116645064	49251.723243595	66.1	202.6	35.607	66.4	70.3	0.5882	13:40:16.117	c
262	Spectrogram 1	6	49370.751015825	49435.046359457	158.6	229.1	64.295	187.5	175.8	0.4706	13:42:50.751	c
263	Spectrogram 1	6	49586.140866993	49642.704492087	96.9	378.9	56.564	160.2	125.0	0.2817	13:46:26.141	su
264	Spectrogram 1	6	49681.770017332	49796.321531462	79.3	198.2	114.552	82.0	89.8	0.6897	13:48:01.770	sd
265	Spectrogram 1	6	50271.741285041	50348.448071590	0.0	211.5	76.707	0.0	0.0	0.3519	13:57:51.741	sd
266	Spectrogram 1	6	50648.683360399	50724.169349284	114.5	259.9	75.486	144.5	140.6	0.4167	14:04:08.683	su
267	Spectrogram 1	6	50893.249825735	50995.186430671	0.0	198.2	101.937	0.0	0.0	0.3400	14:08:13.250	c
268	Spectrogram 1	6	51041.088872833	51123.696181424	114.5	374.4	82.607	140.6	132.8	0.2769	14:10:41.089	c
269	Spectrogram 1	6	51486.252429291	51532.053000000	0.0	207.0	45.801	0.0	0.0	0.2453	14:18:06.252	c
270	Spectrogram 1	6	51709.492948758	51781.926943483	30.8	519.8	72.434	171.9	78.1	0.2800	14:21:49.493	sd
271	Spectrogram 1	6	51653.946655051	51701.761230220	123.3	242.3	47.815	140.6	140.6	0.5000	14:20:53.947	c
272	Spectrogram 1	6	52296.720863414	52374.241515072	0.0	220.3	77.521	0.0	0.0	0.3750	14:31:36.721	sd
273	Spectrogram 1	6	52205.544179664	52273.908848843	79.3	259.9	68.365	82.0	97.7	0.5111	14:30:05.544	su
274	Spectrogram 1	6	52482.608104371	52544.461852675	0.0	365.6	61.854	0.0	0.0	0.0108	14:34:42.608	c
275	Spectrogram 1	6	52756.066781085	52812.426939902	17.6	220.3	56.360	19.5	50.8	0.5490	14:39:16.067	c
276	Spectrogram 1	6	52886.692131123	52963.805850226	0.0	317.2	77.114	0.0	0.0	0.4444	14:41:26.692	su
277	Spectrogram 1	6	53038.803970045	53097.402257913	0.0	220.3	58.598	0.0	0.0	0.0179	14:43:58.804	c
278	Spectrogram 1	6	53105.337442728	53178.178370008	39.6	189.4	72.841	43.0	46.9	0.4324	14:45:05.337	c
279	Spectrogram 1	6	53556.137776752	53629.385636586	0.0	383.3	73.248	0.0	0.0	0.4286	14:52:36.138	c
280	Spectrogram 1	6	53472.716603052	53541.081272231	0.0	348.0	68.365	0.0	0.0	0.0112	14:51:12.717	c
281	Spectrogram 1	6	53762.249115674	53808.232494348	44.1	202.6	45.983	58.6	58.6	0.7436	14:56:02.249	c
282	Spectrogram 1	6	53630.108101800	53691.961850104	13.2	246.7	61.854	50.8	50.8	0.4068	14:53:50.108	sd
283	Spectrogram 1	6	53954.647277506	54015.890626978	0.0	220.3	61.243	0.0	0.0	0.0179	14:59:14.647	c
284	Spectrogram 1	6	54043.155108139	54098.294469292	30.8	352.4	55.139	58.6	50.8	0.2561	15:00:43.155	c
285	Spectrogram 1	6	54274.089332894	54355.068911266	0.0	224.7	80.980	0.0	0.0	0.7193	15:04:34.089	sd
286	Spectrogram 1	6	54160.598975071	54209.023949072	0.0	242.3	48.425	0.0	0.0	0.0161	15:02:40.599	c
287	Spectrogram 1	6	54205.361556080	54271.895028763	22.0	215.9	66.533	74.2	54.7	0.5102	15:03:25.362	sd
288	Spectrogram 1	6	54830.692131123	54933.442601168	26.4	295.2	102.750	54.7	58.6	0.3971	15:13:50.692	c
289	Spectrogram 1	6	54926.850743783	55003.557530332	0.0	255.5	76.707	171.9	58.6	0.6308	15:15:26.851	sd
290	Spectrogram 1	6	55168.772147513	55223.504576112	13.2	299.6	54.732	43.0	43.0	0.3333	15:19:28.772	c
291	Spectrogram 1	6	55362.413193732	55420.053000000	0.0	418.5	57.640	0.0	0.0	0.0093	15:22:42.413	c
292	Spectrogram 1	6	55442.149887717	55505.834832517	0.0	462.6	63.685	0.0	0.0	0.0085	15:24:02.150	c
293	Spectrogram 1	6	55796.181210249	55888.961832705	0.0	519.8	92.781	0.0	0.0	0.0602	15:29:56.181	c
294	Spectrogram 1	6	55570.868916417	55641.675180923	0.0	563.9	70.806	0.0	3.9	0.2847	15:26:10.869	sd
295	Spectrogram 1	6	56225.210652600	56299.679310098	0.0	506.6	74.469	171.9	74.2	0.3333	15:37:05.211	sd
296	Spectrogram 1	6	56341.619654984	56392.053000000	0.0	467.0	50.433	0.0	0.0	0.0084	15:39:01.620	c
297	Spectrogram 1	6	56145.478163650	56200.617524803	13.2	475.8	55.139	19.5	54.7	0.2906	15:35:45.478	c
298	Spectrogram 1	6	56819.060304450	56887.738444800	0.0	251.1	68.678	0.0	0.0	0.6250	15:46:59.060	sd
299	Spectrogram 1	6	56945.319401281	56992.523577619	0.0	202.6	47.204	0.0	0.0	0.0196	15:49:05.319	c
300	Spectrogram 1	6	57400.189060852	57472.419589299	0.0	493.4	72.231	0.0	0.0	0.3095	15:56:40.189	sd
301	Spectrogram 1	6	57617.287578749	57670.392277129	8.8	224.7	53.105	43.0	35.2	0.5000	16:00:17.288	c
302	Spectrogram 1	6	57934.410568576	58037.364504898	0.0	229.1	102.954	0.0	0.0	0.2414	16:05:34.411	sd
303	Spectrogram 1	6	58353.063230784	58419.189770912	0.0	224.7	66.127	0.0	0.0	0.0175	16:12:33.063	sd
304	Spectrogram 1	6	58427.735354559	58476.974193670	0.0	207.0	49.239	0.0	0.0	0.0189	16:13:47.735	sd
305	Spectrogram 1	6	58489.589102864	58537.200211756	0.0	255.5	47.611	0.0	0.0	0.0615	16:14:49.589	c
306	Spectrogram 1	6	59049.040428975	59121.067491145	0.0	176.2	72.027	0.0	0.0	0.3111	16:24:09.040	c
307	Spectrogram 1	6	58906.614034853	58944.865694989	0.0	198.2	38.252	0.0	0.0	0.0200	16:21:46.614	c
308	Spectrogram 1	6	59640.435960625	59743.593363225	0.0	211.5	103.157	0.0	0.0	0.2037	16:34:00.436	c
309	Spectrogram 1	6	61182.670999435	61226.823181613	0.0	246.7	44.152	0.0	0.0	0.0159	16:59:42.671	c
310	Spectrogram 1	6	60904.532598342	60955.195701394	0.0	211.5	50.663	0.0	0.0	0.0185	16:55:04.533	c
311	Spectrogram 1	6	61497.148927656	61552.695221364	13.2	211.5	55.546	19.5	62.5	0.7400	17:04:57.149	c
312	Spectrogram 1	6	61741.430990203	61825.869495290	0.0	246.7	84.439	0.0	0.0	0.0159	17:09:01.431	sd
314	Spectrogram 1	6	61913.865218540	61978.567494727	0.0	330.4	64.702	0.0	0.0	0.0119	17:11:53.865	c
315	Spectrogram 1	6	62173.512426714	62233.128045968	0.0	224.7	59.616	0.0	0.0	0.0175	17:16:13.512	c
316	Spectrogram 1	6	62241.877095893	62349.103824039	0.0	264.3	107.227	0.0	0.0	0.0149	17:17:21.877	su
317	Spectrogram 1	6	62531.206142238	62615.441181047	0.0	229.1	84.235	0.0	0.0	0.0172	17:22:11.206	sd
318	Spectrogram 1	6	62415.579696995	62461.156143114	13.2	167.4	45.576	15.6	39.1	0.6579	17:20:15.580	c
319	Spectrogram 1	6	62689.218503203	62757.786638659	0.0	295.2	68.568	0.0	0.0	0.0133	17:24:49.219	su
320	Spectrogram 1	6	62779.150597777	62834.086492653	0.0	229.1	54.936	0.0	0.0	0.0172	17:26:19.151	c
321	Spectrogram 1	6	63030.024517709	63077.432160324	0.0	229.1	47.408	0.0	0.0	0.0172	17:30:30.025	c
322	Spectrogram 1	6	62856.749507601	62916.975525687	0.0	224.7	60.226	0.0	0.0	0.0175	17:27:36.750	c
323	Spectrogram 1	6	62920.841384956	62965.807432243	0.0	237.9	44.966	0.0	0.0	0.0167	17:28:40.841	c
324	Spectrogram 1	6	63182.950221741	63259.046609457	0.0	431.7	76.096	0.0	0.0	0.0091	17:33:02.950	c
325	Spectrogram 1	6	63253.349553693	63299.943331198	30.8	211.5	46.594	168.0	85.9	0.7609	17:34:13.350	c
326	Spectrogram 1	6	63364.606790880	63412.624832327	13.2	233.5	48.018	19.5	35.2	0.4909	17:36:04.607	c
327	Spectrogram 1	6	63430.529864731	63459.218609833	0.0	171.8	28.689	0.0	0.0	0.0233	17:37:10.530	c
328	Spectrogram 1	6	63747.488204785	63791.843853240	4.4	180.6	44.356	19.5	27.3	0.5682	17:42:27.488	c
329	Spectrogram 1	6	63831.680676908	63927.106360970	0.0	202.6	95.426	0.0	0.0	0.0196	17:43:51.681	c
330	Spectrogram 1	6	63969.642696677	64044.518286730	0.0	273.1	74.876	0.0	0.0	0.0145	17:46:09.643	c
331	Spectrogram 1	6	64155.153688018	64201.747465524	0.0	207.0	46.594	0.0	0.0	0.0189	17:49:15.154	c
332	Spectrogram 1	6	64407.655338169	64496.163168802	0.0	193.8	88.508	0.0	0.0	0.0204	17:53:27.655	sd
333	Spectrogram 1	6	64281.506246232	64314.874715712	0.0	246.7	33.368	0.0	0.0	0.0159	17:51:21.506	c
334	Spectrogram 1	6	64649.699271665	64706.669829314	0.0	233.5	56.971	0.0	0.0	0.0169	17:57:29.699	c
335	Spectrogram 1	6	64770.354774115	64830.377325923	0.0	220.3	60.023	0.0	0.0	0.0179	17:59:30.355	c
336	Spectrogram 1	6	65010.241515072	65085.320571402	0.0	198.2	75.079	0.0	0.0	0.0200	18:03:30.242	c
337	Spectrogram 1	6	65118.608104371	65157.266697061	0.0	515.4	38.659	0.0	0.0	0.0076	18:05:18.608	c
338	Spectrogram 1	6	65146.889916918	65192.059430482	0.0	171.8	45.170	0.0	0.0	0.0233	18:05:46.890	c
339	Spectrogram 1	6	65514.960412585	65564.402717973	0.0	220.3	49.442	0.0	0.0	0.0179	18:11:54.960	c
340	Spectrogram 1	6	65342.551225946	65387.110340679	0.0	304.0	44.559	0.0	0.0	0.0130	18:09:02.551	c
341	Spectrogram 1	6	65584.668409194	65635.738444800	0.0	392.1	51.070	0.0	0.0	0.1600	18:13:04.668	sd
342	Spectrogram 1	6	65870.538528824	65906.348593632	4.4	171.8	35.810	39.1	35.2	0.5122	18:17:50.539	c
343	Spectrogram 1	6	65780.606434250	65814.178370008	0.0	383.3	33.572	0.0	0.0	0.0102	18:16:20.606	c
344	Spectrogram 1	6	66058.520710752	66112.053000000	0.0	229.1	53.532	0.0	0.0	0.0172	18:20:58.521	c
345	Spectrogram 1	6	66114.820591372	66155.513846835	0.0	273.1	40.693	0.0	0.0	0.0145	18:21:54.821	c
346	Spectrogram 1	6	66189.696181424	66244.835542577	0.0	224.7	55.139	0.0	0.0	0.0175	18:23:09.696	c
347	Spectrogram 1	6	66378.105954220	66414.729884137	44.1	224.7	36.624	54.7	54.7	0.3556	18:26:18.106	c
348	Spectrogram 1	6	66418.595743406	66471.293509231	0.0	215.9	52.698	0.0	0.0	0.0182	18:26:58.596	c
349	Spectrogram 1	6	66459.085532592	66479.635626601	92.5	348.0	20.550	125.0	121.1	0.2923	18:27:39.086	c
350	Spectrogram 1	6	66255.462743093	66343.156708616	0.0	185.0	87.694	171.9	0.0	0.2128	18:24:15.463	sd
351	Spectrogram 1	6	66907.240805011	66977.029738131	0.0	259.9	69.789	0.0	0.0	0.3030	18:35:07.241	sd
352	Spectrogram 1	6	66655.553019970	66697.467073097	0.0	334.8	41.914	0.0	0.0	0.0118	18:30:55.553	c
353	Spectrogram 1	6	66804.484701646	66831.952649084	30.8	189.4	27.468	66.4	70.3	0.6750	18:33:24.485	]c
354	Spectrogram 1	6	67663.159618500	67703.649407687	0.0	392.1	40.490	0.0	0.0	0.0100	18:47:43.160	c
355	Spectrogram 1	6	67789.105244160	67825.525707800	0.0	299.6	36.420	0.0	0.0	0.0132	18:49:49.105	c
356	Spectrogram 1	6	68316.612364732	68386.197831575	0.0	233.5	69.585	0.0	0.0	0.0169	18:58:36.612	c
357	Spectrogram 1	6	68040.101693858	68094.020257347	0.0	334.8	53.919	0.0	0.0	0.0118	18:54:00.102	c
358	Spectrogram 1	6	68498.633746420	68512.469453278	0.0	334.8	13.836	0.0	0.0	0.0235	19:01:38.634	c
359	Spectrogram 1	6	68515.521447438	68522.235834589	0.0	277.5	6.714	0.0	0.0	0.3803	19:01:55.521	c
360	Spectrogram 1	6	68525.898227581	68534.240344951	0.0	326.0	8.342	74.2	0.0	0.2048	19:02:05.898	c
361	Spectrogram 1	6	68550.721113414	68571.271207423	0.0	334.8	20.550	0.0	0.0	0.0118	19:02:30.721	c
362	Spectrogram 1	6	68594.873295592	68615.423389601	8.8	356.8	20.550	101.6	66.4	0.3750	19:03:14.873	c
363	Spectrogram 1	6	68627.020967408	68642.077471929	0.0	361.2	15.057	0.0	0.0	0.0109	19:03:47.021	c
364	Spectrogram 1	6	68648.181460249	68673.614744913	0.0	343.6	25.433	0.0	0.0	0.0115	19:04:08.181	c
365	Spectrogram 1	6	68680.329132065	68691.723243595	0.0	334.8	11.394	0.0	0.0	0.0118	19:04:40.329	c
366	Spectrogram 1	6	68704.745085343	68723.260516579	0.0	330.4	18.515	0.0	0.0	0.0119	19:05:04.745	c
367	Spectrogram 1	6	68779.213742841	68794.066781085	0.0	378.9	14.853	0.0	0.0	0.0104	19:06:19.214	c
368	Spectrogram 1	6	68797.525707800	68810.140616993	0.0	356.8	12.615	0.0	0.0	0.0110	19:06:37.526	c
369	Spectrogram 1	6	68820.720863414	68841.067491145	0.0	361.2	20.347	0.0	0.0	0.0109	19:07:00.721	c
370	Spectrogram 1	6	68847.781878297	68858.158658440	0.0	365.6	10.377	0.0	0.0	0.0108	19:07:27.782	
371	Spectrogram 1	6	68868.738904861	68886.643937264	0.0	352.4	17.905	0.0	0.0	0.0111	19:07:48.739	c
372	Spectrogram 1	6	68954.398207611	68982.273087604	0.0	308.4	27.875	0.0	0.0	0.0128	19:09:14.398	c
373	Spectrogram 1	6	69025.327001884	69072.938110776	0.0	299.6	47.611	0.0	0.0	0.0132	19:10:25.327	c
374	Spectrogram 1	6	69072.124245667	69136.012656745	0.0	246.7	63.888	0.0	0.0	0.0159	19:11:12.124	c
375	Spectrogram 1	6	69161.852873964	69190.134686511	0.0	418.5	28.282	0.0	0.0	0.1402	19:12:41.853	c
376	Spectrogram 1	6	69871.462312735	69939.420049359	0.0	290.7	67.958	0.0	0.0	0.0135	19:24:31.462	c
377	Spectrogram 1	6	70588.925999812	70661.156528259	0.0	246.7	72.231	0.0	0.0	0.3016	19:36:28.926	sd
378	Spectrogram 1	6	71333.124705727	71391.926459872	0.0	215.9	58.802	0.0	0.0	0.0182	19:48:53.125	sd
379	Spectrogram 1	6	70983.162708742	71042.981794273	0.0	215.9	59.819	0.0	0.0	0.0182	19:43:03.163	c
380	Spectrogram 1	6	71594.701401846	71659.403678033	0.0	229.1	64.702	0.0	0.0	0.0172	19:53:14.701	sd
381	Spectrogram 1	6	72183.248405614	72224.755526187	0.0	198.2	41.507	0.0	0.0	0.3600	20:03:03.248	c
382	Spectrogram 1	6	72032.072961567	72101.454962133	0.0	242.3	69.382	0.0	0.0	0.0161	20:00:32.073	c
384	Spectrogram 1	6	72348.259556518	72397.091463075	0.0	233.5	48.832	0.0	0.0	0.0169	20:05:48.260	c
385	Spectrogram 1	6	72475.751975885	72533.129466089	0.0	224.7	57.377	0.0	0.0	0.0702	20:07:55.752	c
386	Spectrogram 1	6	72535.977993971	72591.931220234	83.7	202.6	55.953	171.9	117.2	0.7586	20:08:55.978	c
387	Spectrogram 1	6	72859.451183431	72929.807770347	0.0	220.3	70.357	0.0	0.0	0.0893	20:14:19.451	c
388	Spectrogram 1	6	73828.640847023	73871.165298983	4.4	207.0	42.524	19.5	23.4	0.4314	20:30:28.641	c
389	Spectrogram 1	6	73601.568098278	73638.598960750	105.7	202.6	37.031	171.9	136.7	0.6957	20:26:41.568	c
390	Spectrogram 1	6	81124.134436511	81163.403428033	114.5	224.7	39.269	171.9	136.7	0.5185	22:32:04.134	c
391	Spectrogram 1	6	81025.453292012	81084.051579879	0.0	392.1	58.598	31.2	3.9	0.1400	22:30:25.453	su
392	Spectrogram 1	6	81624.169226387	81680.249365674	0.0	475.8	56.080	43.0	0.0	0.0992	22:40:24.169	su
393	Spectrogram 1	6	81686.760286549	81721.959952524	92.5	215.9	35.200	93.8	101.6	0.6129	22:41:26.760	c
394	Spectrogram 1	6	82092.198460689	82139.606103304	61.7	374.4	47.408	93.8	82.0	0.2405	22:48:12.198	su
395	Spectrogram 1	6	82235.020967408	82303.182170309	48.5	519.8	68.161	168.0	82.0	0.2250	22:50:35.021	c
396	Spectrogram 1	6	82359.949261680	82423.837672758	0.0	211.5	63.888	0.0	0.0	0.1296	22:52:39.949	sd
397	Spectrogram 1	6	82584.671190089	82656.725623775	39.6	409.7	72.054	43.0	54.7	0.2366	22:56:24.671	c
398	Spectrogram 1	6	82893.763836850	82951.141327053	52.9	577.1	57.377	128.9	117.2	0.1579	23:01:33.764	su
399	Spectrogram 1	6	82993.055380181	83041.683820460	79.3	215.9	48.628	125.0	105.5	0.4118	23:03:13.055	c
400	Spectrogram 1	6	83131.738444800	83209.259096458	44.1	202.6	77.521	46.9	54.7	0.3590	23:05:31.738	c
401	Spectrogram 1	6	83240.999835720	83308.550639789	22.0	207.0	67.551	39.1	39.1	0.5957	23:07:21.000	c
402	Spectrogram 1	6	83467.254336096	83523.004096081	0.0	541.9	55.750	0.0	0.0	0.0580	23:11:07.254	su
403	Spectrogram 1	6	83637.474673700	83683.458052374	0.0	83.7	45.983	0.0	0.0	0.0476	23:13:57.475	c
404	Spectrogram 1	6	83906.660558591	83958.544459307	0.0	352.4	51.884	0.0	0.0	0.0111	23:18:26.661	su
405	Spectrogram 1	6	83743.277137905	83807.572481537	0.0	251.1	64.295	0.0	0.0	0.0156	23:15:43.277	c
410	Spectrogram 1	6	83823.216218410	83872.455057520	114.5	233.5	49.239	175.8	140.6	0.5172	23:17:03.216	c
411	Spectrogram 1	6	84043.919359269	84103.738444800	0.0	458.1	59.819	0.0	0.0	0.2564	23:20:43.919	su
412	Spectrogram 1	6	84139.345043331	84205.268117182	0.0	193.8	65.923	0.0	0.0	0.0204	23:22:19.345	sd
413	Spectrogram 1	6	84440.678600038	84503.753146006	13.2	242.3	63.075	31.2	27.3	0.1379	23:27:20.679	c
414	Spectrogram 1	6	84616.189060852	84700.424099661	0.0	537.4	84.235	0.0	0.0	0.0803	23:30:16.189	su
415	Spectrogram 1	6	84808.464692916	84867.266447061	0.0	361.2	58.802	0.0	0.0	0.0109	23:33:28.465	c
416	Spectrogram 1	6	85052.136356631	85118.873295592	0.0	229.1	66.737	0.0	0.0	0.0172	23:37:32.136	sd
417	Spectrogram 1	6	85282.663648832	85333.937150716	0.0	207.0	51.274	0.0	0.0	0.0189	23:41:22.664	c
418	Spectrogram 1	6	85364.660558591	85434.042559156	0.0	444.9	69.382	0.0	0.0	0.0531	23:42:44.661	c
419	Spectrogram 1	6	85203.470817131	85250.064594637	105.7	224.7	46.594	175.8	136.7	0.5862	23:40:03.471	c
420	Spectrogram 1	6	85513.720403353	85575.777617935	0.0	546.3	62.057	0.0	0.0	0.0144	23:45:13.720	su
421	Spectrogram 1	6	85853.712552751	85898.475133760	0.0	207.0	44.763	0.0	0.0	0.0189	23:50:53.713	c
422	Spectrogram 1	6	85893.591943105	85930.622805576	0.0	224.7	37.031	0.0	0.0	0.0175	23:51:33.592	c
423	Spectrogram 1	6	85932.047069518	86012.619715335	0.0	304.0	80.573	0.0	0.0	0.0130	23:52:12.047	c
424	Spectrogram 1	6	85669.655080005	85725.201373712	0.0	317.2	55.546	0.0	0.0	0.0123	23:47:49.655	c
425	Spectrogram 1	6	85704.651279703	85769.760488445	0.0	215.9	65.109	0.0	0.0	0.0182	23:48:24.651	c
426	Spectrogram 1	6	86056.862698440	86119.326845576	0.0	207.0	62.464	0.0	0.0	0.0189	23:54:16.863	su
427	Spectrogram 1	6	86115.867918862	86178.535532276	0.0	546.3	62.668	0.0	0.0	0.1511	23:55:15.868	su
428	Spectrogram 1	6	86285.355327867	86356.161592374	0.0	242.3	70.806	0.0	0.0	0.0161	23:58:05.355	c
